
 Max Utility =  8

Execution Time = 0.13554978370666504 s

 Iteration Error->  0.0,   0.0,   0.0,   0.015733506122449042,   0.001770428571428567,   -0.0002410163265306441,   0.0,   0.0,   0.0,   0.0,   0.0,   0.0,   0.0,   0.0,   0.0,   0.0,   0.0,   0.0,   0.0,   0.0,   0.0,   0.0,   0.0,   0.0,   0.0,   0.0,   0.0,   0.0,   0.0,   0.0,   0.0,   0.0,   0.0,   0.0,   0.0,   0.0,   0.0,   0.0,   0.0,   0.0,   0.0,   0.0,   0.0,   0.0,   0.0,   0.0,   0.0,   0.0,   0.0,   0.0, 
 
State Dictionary->    (0, 0, 0, 0)  :       [0, 0, 0, 0, 0, 0, 0, 0, 0, 0, 0, 0, 0, 0, 0, 0, 0, 0, 0, 0, 0, 0]  
    (0, 0, 0, 1)  :       [1, 1, 1, 1, 1, 1, 1, 1, 1, 1, 1, 1, 1, 1, 1, 1, 1, 1, 1, 1, 1, 1]  
    (0, 0, 0, 2)  :       [1.9, 1.9, 1.9, 1.9, 1.9, 1.9, 1.9, 1.9, 1.9, 1.9, 1.9, 1.9, 1.9, 1.9, 1.9, 1.9, 1.9, 1.9, 1.9, 1.9, 1.9, 1.9]  
    (0, 0, 0, 3)  :       [2.71, 2.71, 2.71, 2.71, 2.71, 2.71, 2.71, 2.71, 2.71, 2.71, 2.71, 2.71, 2.71, 2.71, 2.71, 2.71, 2.71, 2.71, 2.71, 2.71, 2.71, 2.71]  
    (0, 0, 0, 4)  :       [3.439, 3.439, 3.439, 3.439, 3.439, 3.439, 3.439, 3.439, 3.439, 3.439, 3.439, 3.439, 3.439, 3.439, 3.439, 3.439, 3.439, 3.439, 3.439, 3.439, 3.439, 3.439]  
    (0, 0, 1, 0)  :       [1, 1, 1, 1, 1, 1, 1, 1, 1, 1, 1, 1, 1, 1, 1, 1, 1, 1, 1, 1, 1, 1]  
    (0, 0, 1, 1)  :       [1.9, 1.9, 1.9, 1.9, 1.9, 1.9, 1.9, 1.9, 1.9, 1.9, 1.9, 1.9, 1.9, 1.9, 1.9, 1.9, 1.9, 1.9, 1.9, 1.9, 1.9, 1.9]  
    (0, 0, 1, 2)  :       [2.71, 2.71, 2.71, 2.71, 2.71, 2.71, 2.71, 2.71, 2.71, 2.71, 2.71, 2.71, 2.71, 2.71, 2.71, 2.71, 2.71, 2.71, 2.71, 2.71, 2.71, 2.71]  
    (0, 0, 1, 3)  :       [3.439, 3.439, 3.439, 3.439, 3.439, 3.439, 3.439, 3.439, 3.439, 3.439, 3.439, 3.439, 3.439, 3.439, 3.439, 3.439, 3.439, 3.439, 3.439, 3.439, 3.439, 3.439]  
    (0, 0, 1, 4)  :       [4.0951, 4.0951, 4.0951, 4.0951, 4.0951, 4.0951, 4.0951, 4.0951, 4.0951, 4.0951, 4.0951, 4.0951, 4.0951, 4.0951, 4.0951, 4.0951, 4.0951, 4.0951, 4.0951, 4.0951, 4.0951, 4.0951]  
    (0, 0, 2, 0)  :       [1.9, 1.9, 1.9, 1.9, 1.9, 1.9, 1.9, 1.9, 1.9, 1.9, 1.9, 1.9, 1.9, 1.9, 1.9, 1.9, 1.9, 1.9, 1.9, 1.9, 1.9, 1.9]  
    (0, 0, 2, 1)  :       [2.71, 2.71, 2.71, 2.71, 2.71, 2.71, 2.71, 2.71, 2.71, 2.71, 2.71, 2.71, 2.71, 2.71, 2.71, 2.71, 2.71, 2.71, 2.71, 2.71, 2.71, 2.71]  
    (0, 0, 2, 2)  :       [3.439, 3.439, 3.439, 3.439, 3.439, 3.439, 3.439, 3.439, 3.439, 3.439, 3.439, 3.439, 3.439, 3.439, 3.439, 3.439, 3.439, 3.439, 3.439, 3.439, 3.439, 3.439]  
    (0, 0, 2, 3)  :       [4.0951, 4.0951, 4.0951, 4.0951, 4.0951, 4.0951, 4.0951, 4.0951, 4.0951, 4.0951, 4.0951, 4.0951, 4.0951, 4.0951, 4.0951, 4.0951, 4.0951, 4.0951, 4.0951, 4.0951, 4.0951, 4.0951]  
    (0, 0, 2, 4)  :       [4.68559, 4.68559, 4.68559, 4.68559, 4.68559, 4.68559, 4.68559, 4.68559, 4.68559, 4.68559, 4.68559, 4.68559, 4.68559, 4.68559, 4.68559, 4.68559, 4.68559, 4.68559, 4.68559, 4.68559, 4.68559, 4.68559]  
    (0, 0, 3, 4)  :       [5.217031, 5.217031, 5.217031, 5.217031, 5.217031, 5.217031, 5.217031, 5.217031, 5.217031, 5.217031, 5.217031, 5.217031, 5.217031, 5.217031, 5.217031, 5.217031, 5.217031, 5.217031, 5.217031, 5.217031, 5.217031, 5.217031]  
    (0, 0, 4, 0)  :       [5.6953279000000006, 5.6953279000000006, 5.6953279000000006, 5.6953279000000006, 5.6953279000000006, 5.6953279000000006, 5.6953279000000006, 5.6953279000000006, 5.6953279000000006, 5.6953279000000006, 5.6953279000000006, 5.6953279000000006, 5.6953279000000006, 5.6953279000000006, 5.6953279000000006, 5.6953279000000006, 5.6953279000000006, 5.6953279000000006, 5.6953279000000006, 5.6953279000000006, 5.6953279000000006, 5.6953279000000006]  
    (0, 0, 4, 1)  :       [5.6953279000000006, 5.6953279000000006, 5.6953279000000006, 5.6953279000000006, 5.6953279000000006, 5.6953279000000006, 5.6953279000000006, 5.6953279000000006, 5.6953279000000006, 5.6953279000000006, 5.6953279000000006, 5.6953279000000006, 5.6953279000000006, 5.6953279000000006, 5.6953279000000006, 5.6953279000000006, 5.6953279000000006, 5.6953279000000006, 5.6953279000000006, 5.6953279000000006, 5.6953279000000006, 5.6953279000000006]  
    (0, 0, 4, 2)  :       [5.6953279000000006, 5.6953279000000006, 5.6953279000000006, 5.6953279000000006, 5.6953279000000006, 5.6953279000000006, 5.6953279000000006, 5.6953279000000006, 5.6953279000000006, 5.6953279000000006, 5.6953279000000006, 5.6953279000000006, 5.6953279000000006, 5.6953279000000006, 5.6953279000000006, 5.6953279000000006, 5.6953279000000006, 5.6953279000000006, 5.6953279000000006, 5.6953279000000006, 5.6953279000000006, 5.6953279000000006]  
    (0, 0, 4, 3)  :       [5.6953279000000006, 5.6953279000000006, 5.6953279000000006, 5.6953279000000006, 5.6953279000000006, 5.6953279000000006, 5.6953279000000006, 5.6953279000000006, 5.6953279000000006, 5.6953279000000006, 5.6953279000000006, 5.6953279000000006, 5.6953279000000006, 5.6953279000000006, 5.6953279000000006, 5.6953279000000006, 5.6953279000000006, 5.6953279000000006, 5.6953279000000006, 5.6953279000000006, 5.6953279000000006, 5.6953279000000006]  
    (0, 0, 4, 4)  :       [5.6953279000000006, 5.6953279000000006, 5.6953279000000006, 5.6953279000000006, 5.6953279000000006, 5.6953279000000006, 5.6953279000000006, 5.6953279000000006, 5.6953279000000006, 5.6953279000000006, 5.6953279000000006, 5.6953279000000006, 5.6953279000000006, 5.6953279000000006, 5.6953279000000006, 5.6953279000000006, 5.6953279000000006, 5.6953279000000006, 5.6953279000000006, 5.6953279000000006, 5.6953279000000006, 5.6953279000000006]  
    (0, 1, 0, 0)  :       [1, 1, 1, 1, 1, 1, 1, 1, 1, 1, 1, 1, 1, 1, 1, 1, 1, 1, 1, 1, 1, 1]  
    (0, 1, 0, 1)  :       [0, 0, 0, 0, 0, 0, 0, 0, 0, 0, 0, 0, 0, 0, 0, 0, 0, 0, 0, 0, 0, 0]  
    (0, 1, 0, 2)  :       [1, 1, 1, 1, 1, 1, 1, 1, 1, 1, 1, 1, 1, 1, 1, 1, 1, 1, 1, 1, 1, 1]  
    (0, 1, 0, 3)  :       [2.71, 2.71, 2.71, 2.71, 2.71, 2.71, 2.71, 2.71, 2.71, 2.71, 2.71, 2.71, 2.71, 2.71, 2.71, 2.71, 2.71, 2.71, 2.71, 2.71, 2.71, 2.71]  
    (0, 1, 0, 4)  :       [2.71, 2.71, 2.71, 2.71, 2.71, 2.71, 2.71, 2.71, 2.71, 2.71, 2.71, 2.71, 2.71, 2.71, 2.71, 2.71, 2.71, 2.71, 2.71, 2.71, 2.71, 2.71]  
    (0, 1, 1, 0)  :       [1.9, 1.9, 1.9, 1.9, 1.9, 1.9, 1.9, 1.9, 1.9, 1.9, 1.9, 1.9, 1.9, 1.9, 1.9, 1.9, 1.9, 1.9, 1.9, 1.9, 1.9, 1.9]  
    (0, 1, 1, 1)  :       [1, 1, 1, 1, 1, 1, 1, 1, 1, 1, 1, 1, 1, 1, 1, 1, 1, 1, 1, 1, 1, 1]  
    (0, 1, 1, 2)  :       [1.9, 1.9, 1.9, 1.9, 1.9, 1.9, 1.9, 1.9, 1.9, 1.9, 1.9, 1.9, 1.9, 1.9, 1.9, 1.9, 1.9, 1.9, 1.9, 1.9, 1.9, 1.9]  
    (0, 1, 1, 3)  :       [3.439, 3.439, 3.439, 3.439, 3.439, 3.439, 3.439, 3.439, 3.439, 3.439, 3.439, 3.439, 3.439, 3.439, 3.439, 3.439, 3.439, 3.439, 3.439, 3.439, 3.439, 3.439]  
    (0, 1, 1, 4)  :       [3.439, 3.439, 3.439, 3.439, 3.439, 3.439, 3.439, 3.439, 3.439, 3.439, 3.439, 3.439, 3.439, 3.439, 3.439, 3.439, 3.439, 3.439, 3.439, 3.439, 3.439, 3.439]  
    (0, 1, 2, 0)  :       [2.71, 2.71, 2.71, 2.71, 2.71, 2.71, 2.71, 2.71, 2.71, 2.71, 2.71, 2.71, 2.71, 2.71, 2.71, 2.71, 2.71, 2.71, 2.71, 2.71, 2.71, 2.71]  
    (0, 1, 2, 1)  :       [1.9, 1.9, 1.9, 1.9, 1.9, 1.9, 1.9, 1.9, 1.9, 1.9, 1.9, 1.9, 1.9, 1.9, 1.9, 1.9, 1.9, 1.9, 1.9, 1.9, 1.9, 1.9]  
    (0, 1, 2, 2)  :       [2.71, 2.71, 2.71, 2.71, 2.71, 2.71, 2.71, 2.71, 2.71, 2.71, 2.71, 2.71, 2.71, 2.71, 2.71, 2.71, 2.71, 2.71, 2.71, 2.71, 2.71, 2.71]  
    (0, 1, 2, 3)  :       [4.0951, 4.0951, 4.0951, 4.0951, 4.0951, 4.0951, 4.0951, 4.0951, 4.0951, 4.0951, 4.0951, 4.0951, 4.0951, 4.0951, 4.0951, 4.0951, 4.0951, 4.0951, 4.0951, 4.0951, 4.0951, 4.0951]  
    (0, 1, 2, 4)  :       [4.0951, 4.0951, 4.0951, 4.0951, 4.0951, 4.0951, 4.0951, 4.0951, 4.0951, 4.0951, 4.0951, 4.0951, 4.0951, 4.0951, 4.0951, 4.0951, 4.0951, 4.0951, 4.0951, 4.0951, 4.0951, 4.0951]  
    (0, 1, 3, 4)  :       [4.68559, 4.68559, 4.68559, 4.68559, 4.68559, 4.68559, 4.68559, 4.68559, 4.68559, 4.68559, 4.68559, 4.68559, 4.68559, 4.68559, 4.68559, 4.68559, 4.68559, 4.68559, 4.68559, 4.68559, 4.68559, 4.68559]  
    (0, 1, 4, 0)  :       [5.6953279000000006, 5.6953279000000006, 5.6953279000000006, 5.6953279000000006, 5.6953279000000006, 5.6953279000000006, 5.6953279000000006, 5.6953279000000006, 5.6953279000000006, 5.6953279000000006, 5.6953279000000006, 5.6953279000000006, 5.6953279000000006, 5.6953279000000006, 5.6953279000000006, 5.6953279000000006, 5.6953279000000006, 5.6953279000000006, 5.6953279000000006, 5.6953279000000006, 5.6953279000000006, 5.6953279000000006]  
    (0, 1, 4, 1)  :       [5.217031, 5.217031, 5.217031, 5.217031, 5.217031, 5.217031, 5.217031, 5.217031, 5.217031, 5.217031, 5.217031, 5.217031, 5.217031, 5.217031, 5.217031, 5.217031, 5.217031, 5.217031, 5.217031, 5.217031, 5.217031, 5.217031]  
    (0, 1, 4, 2)  :       [5.217031, 5.217031, 5.217031, 5.217031, 5.217031, 5.217031, 5.217031, 5.217031, 5.217031, 5.217031, 5.217031, 5.217031, 5.217031, 5.217031, 5.217031, 5.217031, 5.217031, 5.217031, 5.217031, 5.217031, 5.217031, 5.217031]  
    (0, 1, 4, 3)  :       [5.217031, 5.217031, 5.217031, 5.217031, 5.217031, 5.217031, 5.217031, 5.217031, 5.217031, 5.217031, 5.217031, 5.217031, 5.217031, 5.217031, 5.217031, 5.217031, 5.217031, 5.217031, 5.217031, 5.217031, 5.217031, 5.217031]  
    (0, 1, 4, 4)  :       [5.217031, 5.217031, 5.217031, 5.217031, 5.217031, 5.217031, 5.217031, 5.217031, 5.217031, 5.217031, 5.217031, 5.217031, 5.217031, 5.217031, 5.217031, 5.217031, 5.217031, 5.217031, 5.217031, 5.217031, 5.217031, 5.217031]  
    (0, 2, 0, 0)  :       [1.9, 1.9, 1.9, 1.9, 1.9, 1.9, 1.9, 1.9, 1.9, 1.9, 1.9, 1.9, 1.9, 1.9, 1.9, 1.9, 1.9, 1.9, 1.9, 1.9, 1.9, 1.9]  
    (0, 2, 0, 1)  :       [1, 1, 1, 1, 1, 1, 1, 1, 1, 1, 1, 1, 1, 1, 1, 1, 1, 1, 1, 1, 1, 1]  
    (0, 2, 0, 2)  :       [0, 0, 0, 0, 0, 0, 0, 0, 0, 0, 0, 0, 0, 0, 0, 0, 0, 0, 0, 0, 0, 0]  
    (0, 2, 0, 3)  :       [1, 1, 1, 1, 1, 1, 1, 1, 1, 1, 1, 1, 1, 1, 1, 1, 1, 1, 1, 1, 1, 1]  
    (0, 2, 0, 4)  :       [1.9, 1.9, 1.9, 1.9, 1.9, 1.9, 1.9, 1.9, 1.9, 1.9, 1.9, 1.9, 1.9, 1.9, 1.9, 1.9, 1.9, 1.9, 1.9, 1.9, 1.9, 1.9]  
    (0, 2, 1, 0)  :       [2.71, 2.71, 2.71, 2.71, 2.71, 2.71, 2.71, 2.71, 2.71, 2.71, 2.71, 2.71, 2.71, 2.71, 2.71, 2.71, 2.71, 2.71, 2.71, 2.71, 2.71, 2.71]  
    (0, 2, 1, 1)  :       [1.9, 1.9, 1.9, 1.9, 1.9, 1.9, 1.9, 1.9, 1.9, 1.9, 1.9, 1.9, 1.9, 1.9, 1.9, 1.9, 1.9, 1.9, 1.9, 1.9, 1.9, 1.9]  
    (0, 2, 1, 2)  :       [1, 1, 1, 1, 1, 1, 1, 1, 1, 1, 1, 1, 1, 1, 1, 1, 1, 1, 1, 1, 1, 1]  
    (0, 2, 1, 3)  :       [1.9, 1.9, 1.9, 1.9, 1.9, 1.9, 1.9, 1.9, 1.9, 1.9, 1.9, 1.9, 1.9, 1.9, 1.9, 1.9, 1.9, 1.9, 1.9, 1.9, 1.9, 1.9]  
    (0, 2, 1, 4)  :       [2.71, 2.71, 2.71, 2.71, 2.71, 2.71, 2.71, 2.71, 2.71, 2.71, 2.71, 2.71, 2.71, 2.71, 2.71, 2.71, 2.71, 2.71, 2.71, 2.71, 2.71, 2.71]  
    (0, 2, 2, 0)  :       [3.439, 3.439, 3.439, 3.439, 3.439, 3.439, 3.439, 3.439, 3.439, 3.439, 3.439, 3.439, 3.439, 3.439, 3.439, 3.439, 3.439, 3.439, 3.439, 3.439, 3.439, 3.439]  
    (0, 2, 2, 1)  :       [2.71, 2.71, 2.71, 2.71, 2.71, 2.71, 2.71, 2.71, 2.71, 2.71, 2.71, 2.71, 2.71, 2.71, 2.71, 2.71, 2.71, 2.71, 2.71, 2.71, 2.71, 2.71]  
    (0, 2, 2, 2)  :       [1.9, 1.9, 1.9, 1.9, 1.9, 1.9, 1.9, 1.9, 1.9, 1.9, 1.9, 1.9, 1.9, 1.9, 1.9, 1.9, 1.9, 1.9, 1.9, 1.9, 1.9, 1.9]  
    (0, 2, 2, 3)  :       [2.71, 2.71, 2.71, 2.71, 2.71, 2.71, 2.71, 2.71, 2.71, 2.71, 2.71, 2.71, 2.71, 2.71, 2.71, 2.71, 2.71, 2.71, 2.71, 2.71, 2.71, 2.71]  
    (0, 2, 2, 4)  :       [3.439, 3.439, 3.439, 3.439, 3.439, 3.439, 3.439, 3.439, 3.439, 3.439, 3.439, 3.439, 3.439, 3.439, 3.439, 3.439, 3.439, 3.439, 3.439, 3.439, 3.439, 3.439]  
    (0, 2, 3, 4)  :       [4.0951, 4.0951, 4.0951, 4.0951, 4.0951, 4.0951, 4.0951, 4.0951, 4.0951, 4.0951, 4.0951, 4.0951, 4.0951, 4.0951, 4.0951, 4.0951, 4.0951, 4.0951, 4.0951, 4.0951, 4.0951, 4.0951]  
    (0, 2, 4, 0)  :       [5.6953279000000006, 5.6953279000000006, 5.6953279000000006, 5.6953279000000006, 5.6953279000000006, 5.6953279000000006, 5.6953279000000006, 5.6953279000000006, 5.6953279000000006, 5.6953279000000006, 5.6953279000000006, 5.6953279000000006, 5.6953279000000006, 5.6953279000000006, 5.6953279000000006, 5.6953279000000006, 5.6953279000000006, 5.6953279000000006, 5.6953279000000006, 5.6953279000000006, 5.6953279000000006, 5.6953279000000006]  
    (0, 2, 4, 1)  :       [5.217031, 5.217031, 5.217031, 5.217031, 5.217031, 5.217031, 5.217031, 5.217031, 5.217031, 5.217031, 5.217031, 5.217031, 5.217031, 5.217031, 5.217031, 5.217031, 5.217031, 5.217031, 5.217031, 5.217031, 5.217031, 5.217031]  
    (0, 2, 4, 2)  :       [4.68559, 4.68559, 4.68559, 4.68559, 4.68559, 4.68559, 4.68559, 4.68559, 4.68559, 4.68559, 4.68559, 4.68559, 4.68559, 4.68559, 4.68559, 4.68559, 4.68559, 4.68559, 4.68559, 4.68559, 4.68559, 4.68559]  
    (0, 2, 4, 3)  :       [4.68559, 4.68559, 4.68559, 4.68559, 4.68559, 4.68559, 4.68559, 4.68559, 4.68559, 4.68559, 4.68559, 4.68559, 4.68559, 4.68559, 4.68559, 4.68559, 4.68559, 4.68559, 4.68559, 4.68559, 4.68559, 4.68559]  
    (0, 2, 4, 4)  :       [4.68559, 4.68559, 4.68559, 4.68559, 4.68559, 4.68559, 4.68559, 4.68559, 4.68559, 4.68559, 4.68559, 4.68559, 4.68559, 4.68559, 4.68559, 4.68559, 4.68559, 4.68559, 4.68559, 4.68559, 4.68559, 4.68559]  
    (0, 3, 0, 0)  :       [2.71, 2.71, 2.71, 2.71, 2.71, 2.71, 2.71, 2.71, 2.71, 2.71, 2.71, 2.71, 2.71, 2.71, 2.71, 2.71, 2.71, 2.71, 2.71, 2.71, 2.71, 2.71]  
    (0, 3, 0, 1)  :       [2.71, 2.71, 2.71, 2.71, 2.71, 2.71, 2.71, 2.71, 2.71, 2.71, 2.71, 2.71, 2.71, 2.71, 2.71, 2.71, 2.71, 2.71, 2.71, 2.71, 2.71, 2.71]  
    (0, 3, 0, 2)  :       [1, 1, 1, 1, 1, 1, 1, 1, 1, 1, 1, 1, 1, 1, 1, 1, 1, 1, 1, 1, 1, 1]  
    (0, 3, 0, 3)  :       [0, 0, 0, 0, 0, 0, 0, 0, 0, 0, 0, 0, 0, 0, 0, 0, 0, 0, 0, 0, 0, 0]  
    (0, 3, 0, 4)  :       [1, 1, 1, 1, 1, 1, 1, 1, 1, 1, 1, 1, 1, 1, 1, 1, 1, 1, 1, 1, 1, 1]  
    (0, 3, 1, 0)  :       [3.439, 3.439, 3.439, 3.439, 3.439, 3.439, 3.439, 3.439, 3.439, 3.439, 3.439, 3.439, 3.439, 3.439, 3.439, 3.439, 3.439, 3.439, 3.439, 3.439, 3.439, 3.439]  
    (0, 3, 1, 1)  :       [3.439, 3.439, 3.439, 3.439, 3.439, 3.439, 3.439, 3.439, 3.439, 3.439, 3.439, 3.439, 3.439, 3.439, 3.439, 3.439, 3.439, 3.439, 3.439, 3.439, 3.439, 3.439]  
    (0, 3, 1, 2)  :       [1.9, 1.9, 1.9, 1.9, 1.9, 1.9, 1.9, 1.9, 1.9, 1.9, 1.9, 1.9, 1.9, 1.9, 1.9, 1.9, 1.9, 1.9, 1.9, 1.9, 1.9, 1.9]  
    (0, 3, 1, 3)  :       [1, 1, 1, 1, 1, 1, 1, 1, 1, 1, 1, 1, 1, 1, 1, 1, 1, 1, 1, 1, 1, 1]  
    (0, 3, 1, 4)  :       [1.9, 1.9, 1.9, 1.9, 1.9, 1.9, 1.9, 1.9, 1.9, 1.9, 1.9, 1.9, 1.9, 1.9, 1.9, 1.9, 1.9, 1.9, 1.9, 1.9, 1.9, 1.9]  
    (0, 3, 2, 0)  :       [4.0951, 4.0951, 4.0951, 4.0951, 4.0951, 4.0951, 4.0951, 4.0951, 4.0951, 4.0951, 4.0951, 4.0951, 4.0951, 4.0951, 4.0951, 4.0951, 4.0951, 4.0951, 4.0951, 4.0951, 4.0951, 4.0951]  
    (0, 3, 2, 1)  :       [4.0951, 4.0951, 4.0951, 4.0951, 4.0951, 4.0951, 4.0951, 4.0951, 4.0951, 4.0951, 4.0951, 4.0951, 4.0951, 4.0951, 4.0951, 4.0951, 4.0951, 4.0951, 4.0951, 4.0951, 4.0951, 4.0951]  
    (0, 3, 2, 2)  :       [2.71, 2.71, 2.71, 2.71, 2.71, 2.71, 2.71, 2.71, 2.71, 2.71, 2.71, 2.71, 2.71, 2.71, 2.71, 2.71, 2.71, 2.71, 2.71, 2.71, 2.71, 2.71]  
    (0, 3, 2, 3)  :       [1.9, 1.9, 1.9, 1.9, 1.9, 1.9, 1.9, 1.9, 1.9, 1.9, 1.9, 1.9, 1.9, 1.9, 1.9, 1.9, 1.9, 1.9, 1.9, 1.9, 1.9, 1.9]  
    (0, 3, 2, 4)  :       [2.71, 2.71, 2.71, 2.71, 2.71, 2.71, 2.71, 2.71, 2.71, 2.71, 2.71, 2.71, 2.71, 2.71, 2.71, 2.71, 2.71, 2.71, 2.71, 2.71, 2.71, 2.71]  
    (0, 3, 3, 4)  :       [3.439, 3.439, 3.439, 3.439, 3.439, 3.439, 3.439, 3.439, 3.439, 3.439, 3.439, 3.439, 3.439, 3.439, 3.439, 3.439, 3.439, 3.439, 3.439, 3.439, 3.439, 3.439]  
    (0, 3, 4, 0)  :       [5.6953279000000006, 5.6953279000000006, 5.6953279000000006, 5.6953279000000006, 5.6953279000000006, 5.6953279000000006, 5.6953279000000006, 5.6953279000000006, 5.6953279000000006, 5.6953279000000006, 5.6953279000000006, 5.6953279000000006, 5.6953279000000006, 5.6953279000000006, 5.6953279000000006, 5.6953279000000006, 5.6953279000000006, 5.6953279000000006, 5.6953279000000006, 5.6953279000000006, 5.6953279000000006, 5.6953279000000006]  
    (0, 3, 4, 1)  :       [5.217031, 5.217031, 5.217031, 5.217031, 5.217031, 5.217031, 5.217031, 5.217031, 5.217031, 5.217031, 5.217031, 5.217031, 5.217031, 5.217031, 5.217031, 5.217031, 5.217031, 5.217031, 5.217031, 5.217031, 5.217031, 5.217031]  
    (0, 3, 4, 2)  :       [4.68559, 4.68559, 4.68559, 4.68559, 4.68559, 4.68559, 4.68559, 4.68559, 4.68559, 4.68559, 4.68559, 4.68559, 4.68559, 4.68559, 4.68559, 4.68559, 4.68559, 4.68559, 4.68559, 4.68559, 4.68559, 4.68559]  
    (0, 3, 4, 3)  :       [4.0951, 4.0951, 4.0951, 4.0951, 4.0951, 4.0951, 4.0951, 4.0951, 4.0951, 4.0951, 4.0951, 4.0951, 4.0951, 4.0951, 4.0951, 4.0951, 4.0951, 4.0951, 4.0951, 4.0951, 4.0951, 4.0951]  
    (0, 3, 4, 4)  :       [4.0951, 4.0951, 4.0951, 4.0951, 4.0951, 4.0951, 4.0951, 4.0951, 4.0951, 4.0951, 4.0951, 4.0951, 4.0951, 4.0951, 4.0951, 4.0951, 4.0951, 4.0951, 4.0951, 4.0951, 4.0951, 4.0951]  
    (0, 4, 0, 0)  :       [3.439, 3.439, 3.439, 3.439, 3.439, 3.439, 3.439, 3.439, 3.439, 3.439, 3.439, 3.439, 3.439, 3.439, 3.439, 3.439, 3.439, 3.439, 3.439, 3.439, 3.439, 3.439]  
    (0, 4, 0, 1)  :       [2.71, 2.71, 2.71, 2.71, 2.71, 2.71, 2.71, 2.71, 2.71, 2.71, 2.71, 2.71, 2.71, 2.71, 2.71, 2.71, 2.71, 2.71, 2.71, 2.71, 2.71, 2.71]  
    (0, 4, 0, 2)  :       [1.9, 1.9, 1.9, 1.9, 1.9, 1.9, 1.9, 1.9, 1.9, 1.9, 1.9, 1.9, 1.9, 1.9, 1.9, 1.9, 1.9, 1.9, 1.9, 1.9, 1.9, 1.9]  
    (0, 4, 0, 3)  :       [1, 1, 1, 1, 1, 1, 1, 1, 1, 1, 1, 1, 1, 1, 1, 1, 1, 1, 1, 1, 1, 1]  
    (0, 4, 0, 4)  :       [0, 0, 0, 0, 0, 0, 0, 0, 0, 0, 0, 0, 0, 0, 0, 0, 0, 0, 0, 0, 0, 0]  
    (0, 4, 1, 0)  :       [4.0951, 4.0951, 4.0951, 4.0951, 4.0951, 4.0951, 4.0951, 4.0951, 4.0951, 4.0951, 4.0951, 4.0951, 4.0951, 4.0951, 4.0951, 4.0951, 4.0951, 4.0951, 4.0951, 4.0951, 4.0951, 4.0951]  
    (0, 4, 1, 1)  :       [3.439, 3.439, 3.439, 3.439, 3.439, 3.439, 3.439, 3.439, 3.439, 3.439, 3.439, 3.439, 3.439, 3.439, 3.439, 3.439, 3.439, 3.439, 3.439, 3.439, 3.439, 3.439]  
    (0, 4, 1, 2)  :       [2.71, 2.71, 2.71, 2.71, 2.71, 2.71, 2.71, 2.71, 2.71, 2.71, 2.71, 2.71, 2.71, 2.71, 2.71, 2.71, 2.71, 2.71, 2.71, 2.71, 2.71, 2.71]  
    (0, 4, 1, 3)  :       [1.9, 1.9, 1.9, 1.9, 1.9, 1.9, 1.9, 1.9, 1.9, 1.9, 1.9, 1.9, 1.9, 1.9, 1.9, 1.9, 1.9, 1.9, 1.9, 1.9, 1.9, 1.9]  
    (0, 4, 1, 4)  :       [1, 1, 1, 1, 1, 1, 1, 1, 1, 1, 1, 1, 1, 1, 1, 1, 1, 1, 1, 1, 1, 1]  
    (0, 4, 2, 0)  :       [4.68559, 4.68559, 4.68559, 4.68559, 4.68559, 4.68559, 4.68559, 4.68559, 4.68559, 4.68559, 4.68559, 4.68559, 4.68559, 4.68559, 4.68559, 4.68559, 4.68559, 4.68559, 4.68559, 4.68559, 4.68559, 4.68559]  
    (0, 4, 2, 1)  :       [4.0951, 4.0951, 4.0951, 4.0951, 4.0951, 4.0951, 4.0951, 4.0951, 4.0951, 4.0951, 4.0951, 4.0951, 4.0951, 4.0951, 4.0951, 4.0951, 4.0951, 4.0951, 4.0951, 4.0951, 4.0951, 4.0951]  
    (0, 4, 2, 2)  :       [3.439, 3.439, 3.439, 3.439, 3.439, 3.439, 3.439, 3.439, 3.439, 3.439, 3.439, 3.439, 3.439, 3.439, 3.439, 3.439, 3.439, 3.439, 3.439, 3.439, 3.439, 3.439]  
    (0, 4, 2, 3)  :       [2.71, 2.71, 2.71, 2.71, 2.71, 2.71, 2.71, 2.71, 2.71, 2.71, 2.71, 2.71, 2.71, 2.71, 2.71, 2.71, 2.71, 2.71, 2.71, 2.71, 2.71, 2.71]  
    (0, 4, 2, 4)  :       [1.9, 1.9, 1.9, 1.9, 1.9, 1.9, 1.9, 1.9, 1.9, 1.9, 1.9, 1.9, 1.9, 1.9, 1.9, 1.9, 1.9, 1.9, 1.9, 1.9, 1.9, 1.9]  
    (0, 4, 3, 4)  :       [2.71, 2.71, 2.71, 2.71, 2.71, 2.71, 2.71, 2.71, 2.71, 2.71, 2.71, 2.71, 2.71, 2.71, 2.71, 2.71, 2.71, 2.71, 2.71, 2.71, 2.71, 2.71]  
    (0, 4, 4, 0)  :       [5.6953279000000006, 5.6953279000000006, 5.6953279000000006, 5.6953279000000006, 5.6953279000000006, 5.6953279000000006, 5.6953279000000006, 5.6953279000000006, 5.6953279000000006, 5.6953279000000006, 5.6953279000000006, 5.6953279000000006, 5.6953279000000006, 5.6953279000000006, 5.6953279000000006, 5.6953279000000006, 5.6953279000000006, 5.6953279000000006, 5.6953279000000006, 5.6953279000000006, 5.6953279000000006, 5.6953279000000006]  
    (0, 4, 4, 1)  :       [5.217031, 5.217031, 5.217031, 5.217031, 5.217031, 5.217031, 5.217031, 5.217031, 5.217031, 5.217031, 5.217031, 5.217031, 5.217031, 5.217031, 5.217031, 5.217031, 5.217031, 5.217031, 5.217031, 5.217031, 5.217031, 5.217031]  
    (0, 4, 4, 2)  :       [4.68559, 4.68559, 4.68559, 4.68559, 4.68559, 4.68559, 4.68559, 4.68559, 4.68559, 4.68559, 4.68559, 4.68559, 4.68559, 4.68559, 4.68559, 4.68559, 4.68559, 4.68559, 4.68559, 4.68559, 4.68559, 4.68559]  
    (0, 4, 4, 3)  :       [4.0951, 4.0951, 4.0951, 4.0951, 4.0951, 4.0951, 4.0951, 4.0951, 4.0951, 4.0951, 4.0951, 4.0951, 4.0951, 4.0951, 4.0951, 4.0951, 4.0951, 4.0951, 4.0951, 4.0951, 4.0951, 4.0951]  
    (0, 4, 4, 4)  :       [3.439, 3.439, 3.439, 3.439, 3.439, 3.439, 3.439, 3.439, 3.439, 3.439, 3.439, 3.439, 3.439, 3.439, 3.439, 3.439, 3.439, 3.439, 3.439, 3.439, 3.439, 3.439]  
    (1, 0, 0, 0)  :       [1, 1, 1, 1, 1, 1, 1, 1, 1, 1, 1, 1, 1, 1, 1, 1, 1, 1, 1, 1, 1, 1]  
    (1, 0, 0, 1)  :       [1.9, 1.9, 1.9, 1.9, 1.9, 1.9, 1.9, 1.9, 1.9, 1.9, 1.9, 1.9, 1.9, 1.9, 1.9, 1.9, 1.9, 1.9, 1.9, 1.9, 1.9, 1.9]  
    (1, 0, 0, 2)  :       [2.71, 2.71, 2.71, 2.71, 2.71, 2.71, 2.71, 2.71, 2.71, 2.71, 2.71, 2.71, 2.71, 2.71, 2.71, 2.71, 2.71, 2.71, 2.71, 2.71, 2.71, 2.71]  
    (1, 0, 0, 3)  :       [3.439, 3.439, 3.439, 3.439, 3.439, 3.439, 3.439, 3.439, 3.439, 3.439, 3.439, 3.439, 3.439, 3.439, 3.439, 3.439, 3.439, 3.439, 3.439, 3.439, 3.439, 3.439]  
    (1, 0, 0, 4)  :       [4.0951, 4.0951, 4.0951, 4.0951, 4.0951, 4.0951, 4.0951, 4.0951, 4.0951, 4.0951, 4.0951, 4.0951, 4.0951, 4.0951, 4.0951, 4.0951, 4.0951, 4.0951, 4.0951, 4.0951, 4.0951, 4.0951]  
    (1, 0, 1, 0)  :       [0, 0, 0, 0, 0, 0, 0, 0, 0, 0, 0, 0, 0, 0, 0, 0, 0, 0, 0, 0, 0, 0]  
    (1, 0, 1, 1)  :       [1, 1, 1, 1, 1, 1, 1, 1, 1, 1, 1, 1, 1, 1, 1, 1, 1, 1, 1, 1, 1, 1]  
    (1, 0, 1, 2)  :       [1.9, 1.9, 1.9, 1.9, 1.9, 1.9, 1.9, 1.9, 1.9, 1.9, 1.9, 1.9, 1.9, 1.9, 1.9, 1.9, 1.9, 1.9, 1.9, 1.9, 1.9, 1.9]  
    (1, 0, 1, 3)  :       [2.71, 2.71, 2.71, 2.71, 2.71, 2.71, 2.71, 2.71, 2.71, 2.71, 2.71, 2.71, 2.71, 2.71, 2.71, 2.71, 2.71, 2.71, 2.71, 2.71, 2.71, 2.71]  
    (1, 0, 1, 4)  :       [3.439, 3.439, 3.439, 3.439, 3.439, 3.439, 3.439, 3.439, 3.439, 3.439, 3.439, 3.439, 3.439, 3.439, 3.439, 3.439, 3.439, 3.439, 3.439, 3.439, 3.439, 3.439]  
    (1, 0, 2, 0)  :       [1, 1, 1, 1, 1, 1, 1, 1, 1, 1, 1, 1, 1, 1, 1, 1, 1, 1, 1, 1, 1, 1]  
    (1, 0, 2, 1)  :       [1.9, 1.9, 1.9, 1.9, 1.9, 1.9, 1.9, 1.9, 1.9, 1.9, 1.9, 1.9, 1.9, 1.9, 1.9, 1.9, 1.9, 1.9, 1.9, 1.9, 1.9, 1.9]  
    (1, 0, 2, 2)  :       [2.71, 2.71, 2.71, 2.71, 2.71, 2.71, 2.71, 2.71, 2.71, 2.71, 2.71, 2.71, 2.71, 2.71, 2.71, 2.71, 2.71, 2.71, 2.71, 2.71, 2.71, 2.71]  
    (1, 0, 2, 3)  :       [3.439, 3.439, 3.439, 3.439, 3.439, 3.439, 3.439, 3.439, 3.439, 3.439, 3.439, 3.439, 3.439, 3.439, 3.439, 3.439, 3.439, 3.439, 3.439, 3.439, 3.439, 3.439]  
    (1, 0, 2, 4)  :       [4.0951, 4.0951, 4.0951, 4.0951, 4.0951, 4.0951, 4.0951, 4.0951, 4.0951, 4.0951, 4.0951, 4.0951, 4.0951, 4.0951, 4.0951, 4.0951, 4.0951, 4.0951, 4.0951, 4.0951, 4.0951, 4.0951]  
    (1, 0, 3, 4)  :       [5.217031, 5.217031, 5.217031, 5.217031, 5.217031, 5.217031, 5.217031, 5.217031, 5.217031, 5.217031, 5.217031, 5.217031, 5.217031, 5.217031, 5.217031, 5.217031, 5.217031, 5.217031, 5.217031, 5.217031, 5.217031, 5.217031]  
    (1, 0, 4, 0)  :       [5.217031, 5.217031, 5.217031, 5.217031, 5.217031, 5.217031, 5.217031, 5.217031, 5.217031, 5.217031, 5.217031, 5.217031, 5.217031, 5.217031, 5.217031, 5.217031, 5.217031, 5.217031, 5.217031, 5.217031, 5.217031, 5.217031]  
    (1, 0, 4, 1)  :       [5.217031, 5.217031, 5.217031, 5.217031, 5.217031, 5.217031, 5.217031, 5.217031, 5.217031, 5.217031, 5.217031, 5.217031, 5.217031, 5.217031, 5.217031, 5.217031, 5.217031, 5.217031, 5.217031, 5.217031, 5.217031, 5.217031]  
    (1, 0, 4, 2)  :       [5.217031, 5.217031, 5.217031, 5.217031, 5.217031, 5.217031, 5.217031, 5.217031, 5.217031, 5.217031, 5.217031, 5.217031, 5.217031, 5.217031, 5.217031, 5.217031, 5.217031, 5.217031, 5.217031, 5.217031, 5.217031, 5.217031]  
    (1, 0, 4, 3)  :       [5.217031, 5.217031, 5.217031, 5.217031, 5.217031, 5.217031, 5.217031, 5.217031, 5.217031, 5.217031, 5.217031, 5.217031, 5.217031, 5.217031, 5.217031, 5.217031, 5.217031, 5.217031, 5.217031, 5.217031, 5.217031, 5.217031]  
    (1, 0, 4, 4)  :       [5.217031, 5.217031, 5.217031, 5.217031, 5.217031, 5.217031, 5.217031, 5.217031, 5.217031, 5.217031, 5.217031, 5.217031, 5.217031, 5.217031, 5.217031, 5.217031, 5.217031, 5.217031, 5.217031, 5.217031, 5.217031, 5.217031]  
    (1, 1, 0, 0)  :       [1.9, 1.9, 1.9, 1.9, 1.9, 1.9, 1.9, 1.9, 1.9, 1.9, 1.9, 1.9, 1.9, 1.9, 1.9, 1.9, 1.9, 1.9, 1.9, 1.9, 1.9, 1.9]  
    (1, 1, 0, 1)  :       [1, 1, 1, 1, 1, 1, 1, 1, 1, 1, 1, 1, 1, 1, 1, 1, 1, 1, 1, 1, 1, 1]  
    (1, 1, 0, 2)  :       [1.9, 1.9, 1.9, 1.9, 1.9, 1.9, 1.9, 1.9, 1.9, 1.9, 1.9, 1.9, 1.9, 1.9, 1.9, 1.9, 1.9, 1.9, 1.9, 1.9, 1.9, 1.9]  
    (1, 1, 0, 3)  :       [3.439, 3.439, 3.439, 3.439, 3.439, 3.439, 3.439, 3.439, 3.439, 3.439, 3.439, 3.439, 3.439, 3.439, 3.439, 3.439, 3.439, 3.439, 3.439, 3.439, 3.439, 3.439]  
    (1, 1, 0, 4)  :       [3.439, 3.439, 3.439, 3.439, 3.439, 3.439, 3.439, 3.439, 3.439, 3.439, 3.439, 3.439, 3.439, 3.439, 3.439, 3.439, 3.439, 3.439, 3.439, 3.439, 3.439, 3.439]  
    (1, 1, 1, 0)  :       [1, 1, 1, 1, 1, 1, 1, 1, 1, 1, 1, 1, 1, 1, 1, 1, 1, 1, 1, 1, 1, 1]  
    (1, 1, 1, 1)  :       [0, 0, 0, 0, 0, 0, 0, 0, 0, 0, 0, 0, 0, 0, 0, 0, 0, 0, 0, 0, 0, 0]  
    (1, 1, 1, 2)  :       [1, 1, 1, 1, 1, 1, 1, 1, 1, 1, 1, 1, 1, 1, 1, 1, 1, 1, 1, 1, 1, 1]  
    (1, 1, 1, 3)  :       [2.71, 2.71, 2.71, 2.71, 2.71, 2.71, 2.71, 2.71, 2.71, 2.71, 2.71, 2.71, 2.71, 2.71, 2.71, 2.71, 2.71, 2.71, 2.71, 2.71, 2.71, 2.71]  
    (1, 1, 1, 4)  :       [2.71, 2.71, 2.71, 2.71, 2.71, 2.71, 2.71, 2.71, 2.71, 2.71, 2.71, 2.71, 2.71, 2.71, 2.71, 2.71, 2.71, 2.71, 2.71, 2.71, 2.71, 2.71]  
    (1, 1, 2, 0)  :       [1.9, 1.9, 1.9, 1.9, 1.9, 1.9, 1.9, 1.9, 1.9, 1.9, 1.9, 1.9, 1.9, 1.9, 1.9, 1.9, 1.9, 1.9, 1.9, 1.9, 1.9, 1.9]  
    (1, 1, 2, 1)  :       [1, 1, 1, 1, 1, 1, 1, 1, 1, 1, 1, 1, 1, 1, 1, 1, 1, 1, 1, 1, 1, 1]  
    (1, 1, 2, 2)  :       [1.9, 1.9, 1.9, 1.9, 1.9, 1.9, 1.9, 1.9, 1.9, 1.9, 1.9, 1.9, 1.9, 1.9, 1.9, 1.9, 1.9, 1.9, 1.9, 1.9, 1.9, 1.9]  
    (1, 1, 2, 3)  :       [3.439, 3.439, 3.439, 3.439, 3.439, 3.439, 3.439, 3.439, 3.439, 3.439, 3.439, 3.439, 3.439, 3.439, 3.439, 3.439, 3.439, 3.439, 3.439, 3.439, 3.439, 3.439]  
    (1, 1, 2, 4)  :       [3.439, 3.439, 3.439, 3.439, 3.439, 3.439, 3.439, 3.439, 3.439, 3.439, 3.439, 3.439, 3.439, 3.439, 3.439, 3.439, 3.439, 3.439, 3.439, 3.439, 3.439, 3.439]  
    (1, 1, 3, 4)  :       [4.68559, 4.68559, 4.68559, 4.68559, 4.68559, 4.68559, 4.68559, 4.68559, 4.68559, 4.68559, 4.68559, 4.68559, 4.68559, 4.68559, 4.68559, 4.68559, 4.68559, 4.68559, 4.68559, 4.68559, 4.68559, 4.68559]  
    (1, 1, 4, 0)  :       [5.217031, 5.217031, 5.217031, 5.217031, 5.217031, 5.217031, 5.217031, 5.217031, 5.217031, 5.217031, 5.217031, 5.217031, 5.217031, 5.217031, 5.217031, 5.217031, 5.217031, 5.217031, 5.217031, 5.217031, 5.217031, 5.217031]  
    (1, 1, 4, 1)  :       [4.68559, 4.68559, 4.68559, 4.68559, 4.68559, 4.68559, 4.68559, 4.68559, 4.68559, 4.68559, 4.68559, 4.68559, 4.68559, 4.68559, 4.68559, 4.68559, 4.68559, 4.68559, 4.68559, 4.68559, 4.68559, 4.68559]  
    (1, 1, 4, 2)  :       [4.68559, 4.68559, 4.68559, 4.68559, 4.68559, 4.68559, 4.68559, 4.68559, 4.68559, 4.68559, 4.68559, 4.68559, 4.68559, 4.68559, 4.68559, 4.68559, 4.68559, 4.68559, 4.68559, 4.68559, 4.68559, 4.68559]  
    (1, 1, 4, 3)  :       [4.68559, 4.68559, 4.68559, 4.68559, 4.68559, 4.68559, 4.68559, 4.68559, 4.68559, 4.68559, 4.68559, 4.68559, 4.68559, 4.68559, 4.68559, 4.68559, 4.68559, 4.68559, 4.68559, 4.68559, 4.68559, 4.68559]  
    (1, 1, 4, 4)  :       [4.68559, 4.68559, 4.68559, 4.68559, 4.68559, 4.68559, 4.68559, 4.68559, 4.68559, 4.68559, 4.68559, 4.68559, 4.68559, 4.68559, 4.68559, 4.68559, 4.68559, 4.68559, 4.68559, 4.68559, 4.68559, 4.68559]  
    (1, 2, 0, 0)  :       [2.71, 2.71, 2.71, 2.71, 2.71, 2.71, 2.71, 2.71, 2.71, 2.71, 2.71, 2.71, 2.71, 2.71, 2.71, 2.71, 2.71, 2.71, 2.71, 2.71, 2.71, 2.71]  
    (1, 2, 0, 1)  :       [1.9, 1.9, 1.9, 1.9, 1.9, 1.9, 1.9, 1.9, 1.9, 1.9, 1.9, 1.9, 1.9, 1.9, 1.9, 1.9, 1.9, 1.9, 1.9, 1.9, 1.9, 1.9]  
    (1, 2, 0, 2)  :       [1, 1, 1, 1, 1, 1, 1, 1, 1, 1, 1, 1, 1, 1, 1, 1, 1, 1, 1, 1, 1, 1]  
    (1, 2, 0, 3)  :       [1.9, 1.9, 1.9, 1.9, 1.9, 1.9, 1.9, 1.9, 1.9, 1.9, 1.9, 1.9, 1.9, 1.9, 1.9, 1.9, 1.9, 1.9, 1.9, 1.9, 1.9, 1.9]  
    (1, 2, 0, 4)  :       [2.71, 2.71, 2.71, 2.71, 2.71, 2.71, 2.71, 2.71, 2.71, 2.71, 2.71, 2.71, 2.71, 2.71, 2.71, 2.71, 2.71, 2.71, 2.71, 2.71, 2.71, 2.71]  
    (1, 2, 1, 0)  :       [1.9, 1.9, 1.9, 1.9, 1.9, 1.9, 1.9, 1.9, 1.9, 1.9, 1.9, 1.9, 1.9, 1.9, 1.9, 1.9, 1.9, 1.9, 1.9, 1.9, 1.9, 1.9]  
    (1, 2, 1, 1)  :       [1, 1, 1, 1, 1, 1, 1, 1, 1, 1, 1, 1, 1, 1, 1, 1, 1, 1, 1, 1, 1, 1]  
    (1, 2, 1, 2)  :       [0, 0, 0, 0, 0, 0, 0, 0, 0, 0, 0, 0, 0, 0, 0, 0, 0, 0, 0, 0, 0, 0]  
    (1, 2, 1, 3)  :       [1, 1, 1, 1, 1, 1, 1, 1, 1, 1, 1, 1, 1, 1, 1, 1, 1, 1, 1, 1, 1, 1]  
    (1, 2, 1, 4)  :       [1.9, 1.9, 1.9, 1.9, 1.9, 1.9, 1.9, 1.9, 1.9, 1.9, 1.9, 1.9, 1.9, 1.9, 1.9, 1.9, 1.9, 1.9, 1.9, 1.9, 1.9, 1.9]  
    (1, 2, 2, 0)  :       [2.71, 2.71, 2.71, 2.71, 2.71, 2.71, 2.71, 2.71, 2.71, 2.71, 2.71, 2.71, 2.71, 2.71, 2.71, 2.71, 2.71, 2.71, 2.71, 2.71, 2.71, 2.71]  
    (1, 2, 2, 1)  :       [1.9, 1.9, 1.9, 1.9, 1.9, 1.9, 1.9, 1.9, 1.9, 1.9, 1.9, 1.9, 1.9, 1.9, 1.9, 1.9, 1.9, 1.9, 1.9, 1.9, 1.9, 1.9]  
    (1, 2, 2, 2)  :       [1, 1, 1, 1, 1, 1, 1, 1, 1, 1, 1, 1, 1, 1, 1, 1, 1, 1, 1, 1, 1, 1]  
    (1, 2, 2, 3)  :       [1.9, 1.9, 1.9, 1.9, 1.9, 1.9, 1.9, 1.9, 1.9, 1.9, 1.9, 1.9, 1.9, 1.9, 1.9, 1.9, 1.9, 1.9, 1.9, 1.9, 1.9, 1.9]  
    (1, 2, 2, 4)  :       [2.71, 2.71, 2.71, 2.71, 2.71, 2.71, 2.71, 2.71, 2.71, 2.71, 2.71, 2.71, 2.71, 2.71, 2.71, 2.71, 2.71, 2.71, 2.71, 2.71, 2.71, 2.71]  
    (1, 2, 3, 4)  :       [4.0951, 4.0951, 4.0951, 4.0951, 4.0951, 4.0951, 4.0951, 4.0951, 4.0951, 4.0951, 4.0951, 4.0951, 4.0951, 4.0951, 4.0951, 4.0951, 4.0951, 4.0951, 4.0951, 4.0951, 4.0951, 4.0951]  
    (1, 2, 4, 0)  :       [5.217031, 5.217031, 5.217031, 5.217031, 5.217031, 5.217031, 5.217031, 5.217031, 5.217031, 5.217031, 5.217031, 5.217031, 5.217031, 5.217031, 5.217031, 5.217031, 5.217031, 5.217031, 5.217031, 5.217031, 5.217031, 5.217031]  
    (1, 2, 4, 1)  :       [4.68559, 4.68559, 4.68559, 4.68559, 4.68559, 4.68559, 4.68559, 4.68559, 4.68559, 4.68559, 4.68559, 4.68559, 4.68559, 4.68559, 4.68559, 4.68559, 4.68559, 4.68559, 4.68559, 4.68559, 4.68559, 4.68559]  
    (1, 2, 4, 2)  :       [4.0951, 4.0951, 4.0951, 4.0951, 4.0951, 4.0951, 4.0951, 4.0951, 4.0951, 4.0951, 4.0951, 4.0951, 4.0951, 4.0951, 4.0951, 4.0951, 4.0951, 4.0951, 4.0951, 4.0951, 4.0951, 4.0951]  
    (1, 2, 4, 3)  :       [4.0951, 4.0951, 4.0951, 4.0951, 4.0951, 4.0951, 4.0951, 4.0951, 4.0951, 4.0951, 4.0951, 4.0951, 4.0951, 4.0951, 4.0951, 4.0951, 4.0951, 4.0951, 4.0951, 4.0951, 4.0951, 4.0951]  
    (1, 2, 4, 4)  :       [4.0951, 4.0951, 4.0951, 4.0951, 4.0951, 4.0951, 4.0951, 4.0951, 4.0951, 4.0951, 4.0951, 4.0951, 4.0951, 4.0951, 4.0951, 4.0951, 4.0951, 4.0951, 4.0951, 4.0951, 4.0951, 4.0951]  
    (1, 3, 0, 0)  :       [3.439, 3.439, 3.439, 3.439, 3.439, 3.439, 3.439, 3.439, 3.439, 3.439, 3.439, 3.439, 3.439, 3.439, 3.439, 3.439, 3.439, 3.439, 3.439, 3.439, 3.439, 3.439]  
    (1, 3, 0, 1)  :       [3.439, 3.439, 3.439, 3.439, 3.439, 3.439, 3.439, 3.439, 3.439, 3.439, 3.439, 3.439, 3.439, 3.439, 3.439, 3.439, 3.439, 3.439, 3.439, 3.439, 3.439, 3.439]  
    (1, 3, 0, 2)  :       [1.9, 1.9, 1.9, 1.9, 1.9, 1.9, 1.9, 1.9, 1.9, 1.9, 1.9, 1.9, 1.9, 1.9, 1.9, 1.9, 1.9, 1.9, 1.9, 1.9, 1.9, 1.9]  
    (1, 3, 0, 3)  :       [1, 1, 1, 1, 1, 1, 1, 1, 1, 1, 1, 1, 1, 1, 1, 1, 1, 1, 1, 1, 1, 1]  
    (1, 3, 0, 4)  :       [1.9, 1.9, 1.9, 1.9, 1.9, 1.9, 1.9, 1.9, 1.9, 1.9, 1.9, 1.9, 1.9, 1.9, 1.9, 1.9, 1.9, 1.9, 1.9, 1.9, 1.9, 1.9]  
    (1, 3, 1, 0)  :       [2.71, 2.71, 2.71, 2.71, 2.71, 2.71, 2.71, 2.71, 2.71, 2.71, 2.71, 2.71, 2.71, 2.71, 2.71, 2.71, 2.71, 2.71, 2.71, 2.71, 2.71, 2.71]  
    (1, 3, 1, 1)  :       [2.71, 2.71, 2.71, 2.71, 2.71, 2.71, 2.71, 2.71, 2.71, 2.71, 2.71, 2.71, 2.71, 2.71, 2.71, 2.71, 2.71, 2.71, 2.71, 2.71, 2.71, 2.71]  
    (1, 3, 1, 2)  :       [1, 1, 1, 1, 1, 1, 1, 1, 1, 1, 1, 1, 1, 1, 1, 1, 1, 1, 1, 1, 1, 1]  
    (1, 3, 1, 3)  :       [0, 0, 0, 0, 0, 0, 0, 0, 0, 0, 0, 0, 0, 0, 0, 0, 0, 0, 0, 0, 0, 0]  
    (1, 3, 1, 4)  :       [1, 1, 1, 1, 1, 1, 1, 1, 1, 1, 1, 1, 1, 1, 1, 1, 1, 1, 1, 1, 1, 1]  
    (1, 3, 2, 0)  :       [3.439, 3.439, 3.439, 3.439, 3.439, 3.439, 3.439, 3.439, 3.439, 3.439, 3.439, 3.439, 3.439, 3.439, 3.439, 3.439, 3.439, 3.439, 3.439, 3.439, 3.439, 3.439]  
    (1, 3, 2, 1)  :       [3.439, 3.439, 3.439, 3.439, 3.439, 3.439, 3.439, 3.439, 3.439, 3.439, 3.439, 3.439, 3.439, 3.439, 3.439, 3.439, 3.439, 3.439, 3.439, 3.439, 3.439, 3.439]  
    (1, 3, 2, 2)  :       [1.9, 1.9, 1.9, 1.9, 1.9, 1.9, 1.9, 1.9, 1.9, 1.9, 1.9, 1.9, 1.9, 1.9, 1.9, 1.9, 1.9, 1.9, 1.9, 1.9, 1.9, 1.9]  
    (1, 3, 2, 3)  :       [1, 1, 1, 1, 1, 1, 1, 1, 1, 1, 1, 1, 1, 1, 1, 1, 1, 1, 1, 1, 1, 1]  
    (1, 3, 2, 4)  :       [1.9, 1.9, 1.9, 1.9, 1.9, 1.9, 1.9, 1.9, 1.9, 1.9, 1.9, 1.9, 1.9, 1.9, 1.9, 1.9, 1.9, 1.9, 1.9, 1.9, 1.9, 1.9]  
    (1, 3, 3, 4)  :       [3.439, 3.439, 3.439, 3.439, 3.439, 3.439, 3.439, 3.439, 3.439, 3.439, 3.439, 3.439, 3.439, 3.439, 3.439, 3.439, 3.439, 3.439, 3.439, 3.439, 3.439, 3.439]  
    (1, 3, 4, 0)  :       [5.217031, 5.217031, 5.217031, 5.217031, 5.217031, 5.217031, 5.217031, 5.217031, 5.217031, 5.217031, 5.217031, 5.217031, 5.217031, 5.217031, 5.217031, 5.217031, 5.217031, 5.217031, 5.217031, 5.217031, 5.217031, 5.217031]  
    (1, 3, 4, 1)  :       [4.68559, 4.68559, 4.68559, 4.68559, 4.68559, 4.68559, 4.68559, 4.68559, 4.68559, 4.68559, 4.68559, 4.68559, 4.68559, 4.68559, 4.68559, 4.68559, 4.68559, 4.68559, 4.68559, 4.68559, 4.68559, 4.68559]  
    (1, 3, 4, 2)  :       [4.0951, 4.0951, 4.0951, 4.0951, 4.0951, 4.0951, 4.0951, 4.0951, 4.0951, 4.0951, 4.0951, 4.0951, 4.0951, 4.0951, 4.0951, 4.0951, 4.0951, 4.0951, 4.0951, 4.0951, 4.0951, 4.0951]  
    (1, 3, 4, 3)  :       [3.439, 3.439, 3.439, 3.439, 3.439, 3.439, 3.439, 3.439, 3.439, 3.439, 3.439, 3.439, 3.439, 3.439, 3.439, 3.439, 3.439, 3.439, 3.439, 3.439, 3.439, 3.439]  
    (1, 3, 4, 4)  :       [3.439, 3.439, 3.439, 3.439, 3.439, 3.439, 3.439, 3.439, 3.439, 3.439, 3.439, 3.439, 3.439, 3.439, 3.439, 3.439, 3.439, 3.439, 3.439, 3.439, 3.439, 3.439]  
    (1, 4, 0, 0)  :       [4.0951, 4.0951, 4.0951, 4.0951, 4.0951, 4.0951, 4.0951, 4.0951, 4.0951, 4.0951, 4.0951, 4.0951, 4.0951, 4.0951, 4.0951, 4.0951, 4.0951, 4.0951, 4.0951, 4.0951, 4.0951, 4.0951]  
    (1, 4, 0, 1)  :       [3.439, 3.439, 3.439, 3.439, 3.439, 3.439, 3.439, 3.439, 3.439, 3.439, 3.439, 3.439, 3.439, 3.439, 3.439, 3.439, 3.439, 3.439, 3.439, 3.439, 3.439, 3.439]  
    (1, 4, 0, 2)  :       [2.71, 2.71, 2.71, 2.71, 2.71, 2.71, 2.71, 2.71, 2.71, 2.71, 2.71, 2.71, 2.71, 2.71, 2.71, 2.71, 2.71, 2.71, 2.71, 2.71, 2.71, 2.71]  
    (1, 4, 0, 3)  :       [1.9, 1.9, 1.9, 1.9, 1.9, 1.9, 1.9, 1.9, 1.9, 1.9, 1.9, 1.9, 1.9, 1.9, 1.9, 1.9, 1.9, 1.9, 1.9, 1.9, 1.9, 1.9]  
    (1, 4, 0, 4)  :       [1, 1, 1, 1, 1, 1, 1, 1, 1, 1, 1, 1, 1, 1, 1, 1, 1, 1, 1, 1, 1, 1]  
    (1, 4, 1, 0)  :       [3.439, 3.439, 3.439, 3.439, 3.439, 3.439, 3.439, 3.439, 3.439, 3.439, 3.439, 3.439, 3.439, 3.439, 3.439, 3.439, 3.439, 3.439, 3.439, 3.439, 3.439, 3.439]  
    (1, 4, 1, 1)  :       [2.71, 2.71, 2.71, 2.71, 2.71, 2.71, 2.71, 2.71, 2.71, 2.71, 2.71, 2.71, 2.71, 2.71, 2.71, 2.71, 2.71, 2.71, 2.71, 2.71, 2.71, 2.71]  
    (1, 4, 1, 2)  :       [1.9, 1.9, 1.9, 1.9, 1.9, 1.9, 1.9, 1.9, 1.9, 1.9, 1.9, 1.9, 1.9, 1.9, 1.9, 1.9, 1.9, 1.9, 1.9, 1.9, 1.9, 1.9]  
    (1, 4, 1, 3)  :       [1, 1, 1, 1, 1, 1, 1, 1, 1, 1, 1, 1, 1, 1, 1, 1, 1, 1, 1, 1, 1, 1]  
    (1, 4, 1, 4)  :       [0, 0, 0, 0, 0, 0, 0, 0, 0, 0, 0, 0, 0, 0, 0, 0, 0, 0, 0, 0, 0, 0]  
    (1, 4, 2, 0)  :       [4.0951, 4.0951, 4.0951, 4.0951, 4.0951, 4.0951, 4.0951, 4.0951, 4.0951, 4.0951, 4.0951, 4.0951, 4.0951, 4.0951, 4.0951, 4.0951, 4.0951, 4.0951, 4.0951, 4.0951, 4.0951, 4.0951]  
    (1, 4, 2, 1)  :       [3.439, 3.439, 3.439, 3.439, 3.439, 3.439, 3.439, 3.439, 3.439, 3.439, 3.439, 3.439, 3.439, 3.439, 3.439, 3.439, 3.439, 3.439, 3.439, 3.439, 3.439, 3.439]  
    (1, 4, 2, 2)  :       [2.71, 2.71, 2.71, 2.71, 2.71, 2.71, 2.71, 2.71, 2.71, 2.71, 2.71, 2.71, 2.71, 2.71, 2.71, 2.71, 2.71, 2.71, 2.71, 2.71, 2.71, 2.71]  
    (1, 4, 2, 3)  :       [1.9, 1.9, 1.9, 1.9, 1.9, 1.9, 1.9, 1.9, 1.9, 1.9, 1.9, 1.9, 1.9, 1.9, 1.9, 1.9, 1.9, 1.9, 1.9, 1.9, 1.9, 1.9]  
    (1, 4, 2, 4)  :       [1, 1, 1, 1, 1, 1, 1, 1, 1, 1, 1, 1, 1, 1, 1, 1, 1, 1, 1, 1, 1, 1]  
    (1, 4, 3, 4)  :       [2.71, 2.71, 2.71, 2.71, 2.71, 2.71, 2.71, 2.71, 2.71, 2.71, 2.71, 2.71, 2.71, 2.71, 2.71, 2.71, 2.71, 2.71, 2.71, 2.71, 2.71, 2.71]  
    (1, 4, 4, 0)  :       [5.217031, 5.217031, 5.217031, 5.217031, 5.217031, 5.217031, 5.217031, 5.217031, 5.217031, 5.217031, 5.217031, 5.217031, 5.217031, 5.217031, 5.217031, 5.217031, 5.217031, 5.217031, 5.217031, 5.217031, 5.217031, 5.217031]  
    (1, 4, 4, 1)  :       [4.68559, 4.68559, 4.68559, 4.68559, 4.68559, 4.68559, 4.68559, 4.68559, 4.68559, 4.68559, 4.68559, 4.68559, 4.68559, 4.68559, 4.68559, 4.68559, 4.68559, 4.68559, 4.68559, 4.68559, 4.68559, 4.68559]  
    (1, 4, 4, 2)  :       [4.0951, 4.0951, 4.0951, 4.0951, 4.0951, 4.0951, 4.0951, 4.0951, 4.0951, 4.0951, 4.0951, 4.0951, 4.0951, 4.0951, 4.0951, 4.0951, 4.0951, 4.0951, 4.0951, 4.0951, 4.0951, 4.0951]  
    (1, 4, 4, 3)  :       [3.439, 3.439, 3.439, 3.439, 3.439, 3.439, 3.439, 3.439, 3.439, 3.439, 3.439, 3.439, 3.439, 3.439, 3.439, 3.439, 3.439, 3.439, 3.439, 3.439, 3.439, 3.439]  
    (1, 4, 4, 4)  :       [2.71, 2.71, 2.71, 2.71, 2.71, 2.71, 2.71, 2.71, 2.71, 2.71, 2.71, 2.71, 2.71, 2.71, 2.71, 2.71, 2.71, 2.71, 2.71, 2.71, 2.71, 2.71]  
    (2, 0, 0, 0)  :       [1.9, 1.9, 1.9, 1.9, 1.9, 1.9, 1.9, 1.9, 1.9, 1.9, 1.9, 1.9, 1.9, 1.9, 1.9, 1.9, 1.9, 1.9, 1.9, 1.9, 1.9, 1.9]  
    (2, 0, 0, 1)  :       [2.71, 2.71, 2.71, 2.71, 2.71, 2.71, 2.71, 2.71, 2.71, 2.71, 2.71, 2.71, 2.71, 2.71, 2.71, 2.71, 2.71, 2.71, 2.71, 2.71, 2.71, 2.71]  
    (2, 0, 0, 2)  :       [3.439, 3.439, 3.439, 3.439, 3.439, 3.439, 3.439, 3.439, 3.439, 3.439, 3.439, 3.439, 3.439, 3.439, 3.439, 3.439, 3.439, 3.439, 3.439, 3.439, 3.439, 3.439]  
    (2, 0, 0, 3)  :       [4.0951, 4.0951, 4.0951, 4.0951, 4.0951, 4.0951, 4.0951, 4.0951, 4.0951, 4.0951, 4.0951, 4.0951, 4.0951, 4.0951, 4.0951, 4.0951, 4.0951, 4.0951, 4.0951, 4.0951, 4.0951, 4.0951]  
    (2, 0, 0, 4)  :       [4.68559, 4.68559, 4.68559, 4.68559, 4.68559, 4.68559, 4.68559, 4.68559, 4.68559, 4.68559, 4.68559, 4.68559, 4.68559, 4.68559, 4.68559, 4.68559, 4.68559, 4.68559, 4.68559, 4.68559, 4.68559, 4.68559]  
    (2, 0, 1, 0)  :       [1, 1, 1, 1, 1, 1, 1, 1, 1, 1, 1, 1, 1, 1, 1, 1, 1, 1, 1, 1, 1, 1]  
    (2, 0, 1, 1)  :       [1.9, 1.9, 1.9, 1.9, 1.9, 1.9, 1.9, 1.9, 1.9, 1.9, 1.9, 1.9, 1.9, 1.9, 1.9, 1.9, 1.9, 1.9, 1.9, 1.9, 1.9, 1.9]  
    (2, 0, 1, 2)  :       [2.71, 2.71, 2.71, 2.71, 2.71, 2.71, 2.71, 2.71, 2.71, 2.71, 2.71, 2.71, 2.71, 2.71, 2.71, 2.71, 2.71, 2.71, 2.71, 2.71, 2.71, 2.71]  
    (2, 0, 1, 3)  :       [3.439, 3.439, 3.439, 3.439, 3.439, 3.439, 3.439, 3.439, 3.439, 3.439, 3.439, 3.439, 3.439, 3.439, 3.439, 3.439, 3.439, 3.439, 3.439, 3.439, 3.439, 3.439]  
    (2, 0, 1, 4)  :       [4.0951, 4.0951, 4.0951, 4.0951, 4.0951, 4.0951, 4.0951, 4.0951, 4.0951, 4.0951, 4.0951, 4.0951, 4.0951, 4.0951, 4.0951, 4.0951, 4.0951, 4.0951, 4.0951, 4.0951, 4.0951, 4.0951]  
    (2, 0, 2, 0)  :       [0, 0, 0, 0, 0, 0, 0, 0, 0, 0, 0, 0, 0, 0, 0, 0, 0, 0, 0, 0, 0, 0]  
    (2, 0, 2, 1)  :       [1, 1, 1, 1, 1, 1, 1, 1, 1, 1, 1, 1, 1, 1, 1, 1, 1, 1, 1, 1, 1, 1]  
    (2, 0, 2, 2)  :       [1.9, 1.9, 1.9, 1.9, 1.9, 1.9, 1.9, 1.9, 1.9, 1.9, 1.9, 1.9, 1.9, 1.9, 1.9, 1.9, 1.9, 1.9, 1.9, 1.9, 1.9, 1.9]  
    (2, 0, 2, 3)  :       [2.71, 2.71, 2.71, 2.71, 2.71, 2.71, 2.71, 2.71, 2.71, 2.71, 2.71, 2.71, 2.71, 2.71, 2.71, 2.71, 2.71, 2.71, 2.71, 2.71, 2.71, 2.71]  
    (2, 0, 2, 4)  :       [3.439, 3.439, 3.439, 3.439, 3.439, 3.439, 3.439, 3.439, 3.439, 3.439, 3.439, 3.439, 3.439, 3.439, 3.439, 3.439, 3.439, 3.439, 3.439, 3.439, 3.439, 3.439]  
    (2, 0, 3, 4)  :       [4.0951, 4.0951, 4.0951, 4.0951, 4.0951, 4.0951, 4.0951, 4.0951, 4.0951, 4.0951, 4.0951, 4.0951, 4.0951, 4.0951, 4.0951, 4.0951, 4.0951, 4.0951, 4.0951, 4.0951, 4.0951, 4.0951]  
    (2, 0, 4, 0)  :       [4.68559, 4.68559, 4.68559, 4.68559, 4.68559, 4.68559, 4.68559, 4.68559, 4.68559, 4.68559, 4.68559, 4.68559, 4.68559, 4.68559, 4.68559, 4.68559, 4.68559, 4.68559, 4.68559, 4.68559, 4.68559, 4.68559]  
    (2, 0, 4, 1)  :       [4.68559, 4.68559, 4.68559, 4.68559, 4.68559, 4.68559, 4.68559, 4.68559, 4.68559, 4.68559, 4.68559, 4.68559, 4.68559, 4.68559, 4.68559, 4.68559, 4.68559, 4.68559, 4.68559, 4.68559, 4.68559, 4.68559]  
    (2, 0, 4, 2)  :       [4.68559, 4.68559, 4.68559, 4.68559, 4.68559, 4.68559, 4.68559, 4.68559, 4.68559, 4.68559, 4.68559, 4.68559, 4.68559, 4.68559, 4.68559, 4.68559, 4.68559, 4.68559, 4.68559, 4.68559, 4.68559, 4.68559]  
    (2, 0, 4, 3)  :       [4.68559, 4.68559, 4.68559, 4.68559, 4.68559, 4.68559, 4.68559, 4.68559, 4.68559, 4.68559, 4.68559, 4.68559, 4.68559, 4.68559, 4.68559, 4.68559, 4.68559, 4.68559, 4.68559, 4.68559, 4.68559, 4.68559]  
    (2, 0, 4, 4)  :       [4.68559, 4.68559, 4.68559, 4.68559, 4.68559, 4.68559, 4.68559, 4.68559, 4.68559, 4.68559, 4.68559, 4.68559, 4.68559, 4.68559, 4.68559, 4.68559, 4.68559, 4.68559, 4.68559, 4.68559, 4.68559, 4.68559]  
    (2, 1, 0, 0)  :       [2.71, 2.71, 2.71, 2.71, 2.71, 2.71, 2.71, 2.71, 2.71, 2.71, 2.71, 2.71, 2.71, 2.71, 2.71, 2.71, 2.71, 2.71, 2.71, 2.71, 2.71, 2.71]  
    (2, 1, 0, 1)  :       [1.9, 1.9, 1.9, 1.9, 1.9, 1.9, 1.9, 1.9, 1.9, 1.9, 1.9, 1.9, 1.9, 1.9, 1.9, 1.9, 1.9, 1.9, 1.9, 1.9, 1.9, 1.9]  
    (2, 1, 0, 2)  :       [2.71, 2.71, 2.71, 2.71, 2.71, 2.71, 2.71, 2.71, 2.71, 2.71, 2.71, 2.71, 2.71, 2.71, 2.71, 2.71, 2.71, 2.71, 2.71, 2.71, 2.71, 2.71]  
    (2, 1, 0, 3)  :       [4.0951, 4.0951, 4.0951, 4.0951, 4.0951, 4.0951, 4.0951, 4.0951, 4.0951, 4.0951, 4.0951, 4.0951, 4.0951, 4.0951, 4.0951, 4.0951, 4.0951, 4.0951, 4.0951, 4.0951, 4.0951, 4.0951]  
    (2, 1, 0, 4)  :       [4.0951, 4.0951, 4.0951, 4.0951, 4.0951, 4.0951, 4.0951, 4.0951, 4.0951, 4.0951, 4.0951, 4.0951, 4.0951, 4.0951, 4.0951, 4.0951, 4.0951, 4.0951, 4.0951, 4.0951, 4.0951, 4.0951]  
    (2, 1, 1, 0)  :       [1.9, 1.9, 1.9, 1.9, 1.9, 1.9, 1.9, 1.9, 1.9, 1.9, 1.9, 1.9, 1.9, 1.9, 1.9, 1.9, 1.9, 1.9, 1.9, 1.9, 1.9, 1.9]  
    (2, 1, 1, 1)  :       [1, 1, 1, 1, 1, 1, 1, 1, 1, 1, 1, 1, 1, 1, 1, 1, 1, 1, 1, 1, 1, 1]  
    (2, 1, 1, 2)  :       [1.9, 1.9, 1.9, 1.9, 1.9, 1.9, 1.9, 1.9, 1.9, 1.9, 1.9, 1.9, 1.9, 1.9, 1.9, 1.9, 1.9, 1.9, 1.9, 1.9, 1.9, 1.9]  
    (2, 1, 1, 3)  :       [3.439, 3.439, 3.439, 3.439, 3.439, 3.439, 3.439, 3.439, 3.439, 3.439, 3.439, 3.439, 3.439, 3.439, 3.439, 3.439, 3.439, 3.439, 3.439, 3.439, 3.439, 3.439]  
    (2, 1, 1, 4)  :       [3.439, 3.439, 3.439, 3.439, 3.439, 3.439, 3.439, 3.439, 3.439, 3.439, 3.439, 3.439, 3.439, 3.439, 3.439, 3.439, 3.439, 3.439, 3.439, 3.439, 3.439, 3.439]  
    (2, 1, 2, 0)  :       [1, 1, 1, 1, 1, 1, 1, 1, 1, 1, 1, 1, 1, 1, 1, 1, 1, 1, 1, 1, 1, 1]  
    (2, 1, 2, 1)  :       [0, 0, 0, 0, 0, 0, 0, 0, 0, 0, 0, 0, 0, 0, 0, 0, 0, 0, 0, 0, 0, 0]  
    (2, 1, 2, 2)  :       [1, 1, 1, 1, 1, 1, 1, 1, 1, 1, 1, 1, 1, 1, 1, 1, 1, 1, 1, 1, 1, 1]  
    (2, 1, 2, 3)  :       [2.71, 2.71, 2.71, 2.71, 2.71, 2.71, 2.71, 2.71, 2.71, 2.71, 2.71, 2.71, 2.71, 2.71, 2.71, 2.71, 2.71, 2.71, 2.71, 2.71, 2.71, 2.71]  
    (2, 1, 2, 4)  :       [2.71, 2.71, 2.71, 2.71, 2.71, 2.71, 2.71, 2.71, 2.71, 2.71, 2.71, 2.71, 2.71, 2.71, 2.71, 2.71, 2.71, 2.71, 2.71, 2.71, 2.71, 2.71]  
    (2, 1, 3, 4)  :       [3.439, 3.439, 3.439, 3.439, 3.439, 3.439, 3.439, 3.439, 3.439, 3.439, 3.439, 3.439, 3.439, 3.439, 3.439, 3.439, 3.439, 3.439, 3.439, 3.439, 3.439, 3.439]  
    (2, 1, 4, 0)  :       [4.68559, 4.68559, 4.68559, 4.68559, 4.68559, 4.68559, 4.68559, 4.68559, 4.68559, 4.68559, 4.68559, 4.68559, 4.68559, 4.68559, 4.68559, 4.68559, 4.68559, 4.68559, 4.68559, 4.68559, 4.68559, 4.68559]  
    (2, 1, 4, 1)  :       [4.0951, 4.0951, 4.0951, 4.0951, 4.0951, 4.0951, 4.0951, 4.0951, 4.0951, 4.0951, 4.0951, 4.0951, 4.0951, 4.0951, 4.0951, 4.0951, 4.0951, 4.0951, 4.0951, 4.0951, 4.0951, 4.0951]  
    (2, 1, 4, 2)  :       [4.0951, 4.0951, 4.0951, 4.0951, 4.0951, 4.0951, 4.0951, 4.0951, 4.0951, 4.0951, 4.0951, 4.0951, 4.0951, 4.0951, 4.0951, 4.0951, 4.0951, 4.0951, 4.0951, 4.0951, 4.0951, 4.0951]  
    (2, 1, 4, 3)  :       [4.0951, 4.0951, 4.0951, 4.0951, 4.0951, 4.0951, 4.0951, 4.0951, 4.0951, 4.0951, 4.0951, 4.0951, 4.0951, 4.0951, 4.0951, 4.0951, 4.0951, 4.0951, 4.0951, 4.0951, 4.0951, 4.0951]  
    (2, 1, 4, 4)  :       [4.0951, 4.0951, 4.0951, 4.0951, 4.0951, 4.0951, 4.0951, 4.0951, 4.0951, 4.0951, 4.0951, 4.0951, 4.0951, 4.0951, 4.0951, 4.0951, 4.0951, 4.0951, 4.0951, 4.0951, 4.0951, 4.0951]  
    (2, 2, 0, 0)  :       [3.439, 3.439, 3.439, 3.439, 3.439, 3.439, 3.439, 3.439, 3.439, 3.439, 3.439, 3.439, 3.439, 3.439, 3.439, 3.439, 3.439, 3.439, 3.439, 3.439, 3.439, 3.439]  
    (2, 2, 0, 1)  :       [2.71, 2.71, 2.71, 2.71, 2.71, 2.71, 2.71, 2.71, 2.71, 2.71, 2.71, 2.71, 2.71, 2.71, 2.71, 2.71, 2.71, 2.71, 2.71, 2.71, 2.71, 2.71]  
    (2, 2, 0, 2)  :       [1.9, 1.9, 1.9, 1.9, 1.9, 1.9, 1.9, 1.9, 1.9, 1.9, 1.9, 1.9, 1.9, 1.9, 1.9, 1.9, 1.9, 1.9, 1.9, 1.9, 1.9, 1.9]  
    (2, 2, 0, 3)  :       [2.71, 2.71, 2.71, 2.71, 2.71, 2.71, 2.71, 2.71, 2.71, 2.71, 2.71, 2.71, 2.71, 2.71, 2.71, 2.71, 2.71, 2.71, 2.71, 2.71, 2.71, 2.71]  
    (2, 2, 0, 4)  :       [3.439, 3.439, 3.439, 3.439, 3.439, 3.439, 3.439, 3.439, 3.439, 3.439, 3.439, 3.439, 3.439, 3.439, 3.439, 3.439, 3.439, 3.439, 3.439, 3.439, 3.439, 3.439]  
    (2, 2, 1, 0)  :       [2.71, 2.71, 2.71, 2.71, 2.71, 2.71, 2.71, 2.71, 2.71, 2.71, 2.71, 2.71, 2.71, 2.71, 2.71, 2.71, 2.71, 2.71, 2.71, 2.71, 2.71, 2.71]  
    (2, 2, 1, 1)  :       [1.9, 1.9, 1.9, 1.9, 1.9, 1.9, 1.9, 1.9, 1.9, 1.9, 1.9, 1.9, 1.9, 1.9, 1.9, 1.9, 1.9, 1.9, 1.9, 1.9, 1.9, 1.9]  
    (2, 2, 1, 2)  :       [1, 1, 1, 1, 1, 1, 1, 1, 1, 1, 1, 1, 1, 1, 1, 1, 1, 1, 1, 1, 1, 1]  
    (2, 2, 1, 3)  :       [1.9, 1.9, 1.9, 1.9, 1.9, 1.9, 1.9, 1.9, 1.9, 1.9, 1.9, 1.9, 1.9, 1.9, 1.9, 1.9, 1.9, 1.9, 1.9, 1.9, 1.9, 1.9]  
    (2, 2, 1, 4)  :       [2.71, 2.71, 2.71, 2.71, 2.71, 2.71, 2.71, 2.71, 2.71, 2.71, 2.71, 2.71, 2.71, 2.71, 2.71, 2.71, 2.71, 2.71, 2.71, 2.71, 2.71, 2.71]  
    (2, 2, 2, 0)  :       [1.9, 1.9, 1.9, 1.9, 1.9, 1.9, 1.9, 1.9, 1.9, 1.9, 1.9, 1.9, 1.9, 1.9, 1.9, 1.9, 1.9, 1.9, 1.9, 1.9, 1.9, 1.9]  
    (2, 2, 2, 1)  :       [1, 1, 1, 1, 1, 1, 1, 1, 1, 1, 1, 1, 1, 1, 1, 1, 1, 1, 1, 1, 1, 1]  
    (2, 2, 2, 2)  :       [0, 0, 0, 0, 0, 0, 0, 0, 0, 0, 0, 0, 0, 0, 0, 0, 0, 0, 0, 0, 0, 0]  
    (2, 2, 2, 3)  :       [1, 1, 1, 1, 1, 1, 1, 1, 1, 1, 1, 1, 1, 1, 1, 1, 1, 1, 1, 1, 1, 1]  
    (2, 2, 2, 4)  :       [1.9, 1.9, 1.9, 1.9, 1.9, 1.9, 1.9, 1.9, 1.9, 1.9, 1.9, 1.9, 1.9, 1.9, 1.9, 1.9, 1.9, 1.9, 1.9, 1.9, 1.9, 1.9]  
    (2, 2, 3, 4)  :       [2.71, 2.71, 2.71, 2.71, 2.71, 2.71, 2.71, 2.71, 2.71, 2.71, 2.71, 2.71, 2.71, 2.71, 2.71, 2.71, 2.71, 2.71, 2.71, 2.71, 2.71, 2.71]  
    (2, 2, 4, 0)  :       [4.68559, 4.68559, 4.68559, 4.68559, 4.68559, 4.68559, 4.68559, 4.68559, 4.68559, 4.68559, 4.68559, 4.68559, 4.68559, 4.68559, 4.68559, 4.68559, 4.68559, 4.68559, 4.68559, 4.68559, 4.68559, 4.68559]  
    (2, 2, 4, 1)  :       [4.0951, 4.0951, 4.0951, 4.0951, 4.0951, 4.0951, 4.0951, 4.0951, 4.0951, 4.0951, 4.0951, 4.0951, 4.0951, 4.0951, 4.0951, 4.0951, 4.0951, 4.0951, 4.0951, 4.0951, 4.0951, 4.0951]  
    (2, 2, 4, 2)  :       [3.439, 3.439, 3.439, 3.439, 3.439, 3.439, 3.439, 3.439, 3.439, 3.439, 3.439, 3.439, 3.439, 3.439, 3.439, 3.439, 3.439, 3.439, 3.439, 3.439, 3.439, 3.439]  
    (2, 2, 4, 3)  :       [3.439, 3.439, 3.439, 3.439, 3.439, 3.439, 3.439, 3.439, 3.439, 3.439, 3.439, 3.439, 3.439, 3.439, 3.439, 3.439, 3.439, 3.439, 3.439, 3.439, 3.439, 3.439]  
    (2, 2, 4, 4)  :       [3.439, 3.439, 3.439, 3.439, 3.439, 3.439, 3.439, 3.439, 3.439, 3.439, 3.439, 3.439, 3.439, 3.439, 3.439, 3.439, 3.439, 3.439, 3.439, 3.439, 3.439, 3.439]  
    (2, 3, 0, 0)  :       [4.0951, 4.0951, 4.0951, 4.0951, 4.0951, 4.0951, 4.0951, 4.0951, 4.0951, 4.0951, 4.0951, 4.0951, 4.0951, 4.0951, 4.0951, 4.0951, 4.0951, 4.0951, 4.0951, 4.0951, 4.0951, 4.0951]  
    (2, 3, 0, 1)  :       [4.0951, 4.0951, 4.0951, 4.0951, 4.0951, 4.0951, 4.0951, 4.0951, 4.0951, 4.0951, 4.0951, 4.0951, 4.0951, 4.0951, 4.0951, 4.0951, 4.0951, 4.0951, 4.0951, 4.0951, 4.0951, 4.0951]  
    (2, 3, 0, 2)  :       [2.71, 2.71, 2.71, 2.71, 2.71, 2.71, 2.71, 2.71, 2.71, 2.71, 2.71, 2.71, 2.71, 2.71, 2.71, 2.71, 2.71, 2.71, 2.71, 2.71, 2.71, 2.71]  
    (2, 3, 0, 3)  :       [1.9, 1.9, 1.9, 1.9, 1.9, 1.9, 1.9, 1.9, 1.9, 1.9, 1.9, 1.9, 1.9, 1.9, 1.9, 1.9, 1.9, 1.9, 1.9, 1.9, 1.9, 1.9]  
    (2, 3, 0, 4)  :       [2.71, 2.71, 2.71, 2.71, 2.71, 2.71, 2.71, 2.71, 2.71, 2.71, 2.71, 2.71, 2.71, 2.71, 2.71, 2.71, 2.71, 2.71, 2.71, 2.71, 2.71, 2.71]  
    (2, 3, 1, 0)  :       [3.439, 3.439, 3.439, 3.439, 3.439, 3.439, 3.439, 3.439, 3.439, 3.439, 3.439, 3.439, 3.439, 3.439, 3.439, 3.439, 3.439, 3.439, 3.439, 3.439, 3.439, 3.439]  
    (2, 3, 1, 1)  :       [3.439, 3.439, 3.439, 3.439, 3.439, 3.439, 3.439, 3.439, 3.439, 3.439, 3.439, 3.439, 3.439, 3.439, 3.439, 3.439, 3.439, 3.439, 3.439, 3.439, 3.439, 3.439]  
    (2, 3, 1, 2)  :       [1.9, 1.9, 1.9, 1.9, 1.9, 1.9, 1.9, 1.9, 1.9, 1.9, 1.9, 1.9, 1.9, 1.9, 1.9, 1.9, 1.9, 1.9, 1.9, 1.9, 1.9, 1.9]  
    (2, 3, 1, 3)  :       [1, 1, 1, 1, 1, 1, 1, 1, 1, 1, 1, 1, 1, 1, 1, 1, 1, 1, 1, 1, 1, 1]  
    (2, 3, 1, 4)  :       [1.9, 1.9, 1.9, 1.9, 1.9, 1.9, 1.9, 1.9, 1.9, 1.9, 1.9, 1.9, 1.9, 1.9, 1.9, 1.9, 1.9, 1.9, 1.9, 1.9, 1.9, 1.9]  
    (2, 3, 2, 0)  :       [2.71, 2.71, 2.71, 2.71, 2.71, 2.71, 2.71, 2.71, 2.71, 2.71, 2.71, 2.71, 2.71, 2.71, 2.71, 2.71, 2.71, 2.71, 2.71, 2.71, 2.71, 2.71]  
    (2, 3, 2, 1)  :       [2.71, 2.71, 2.71, 2.71, 2.71, 2.71, 2.71, 2.71, 2.71, 2.71, 2.71, 2.71, 2.71, 2.71, 2.71, 2.71, 2.71, 2.71, 2.71, 2.71, 2.71, 2.71]  
    (2, 3, 2, 2)  :       [1, 1, 1, 1, 1, 1, 1, 1, 1, 1, 1, 1, 1, 1, 1, 1, 1, 1, 1, 1, 1, 1]  
    (2, 3, 2, 3)  :       [0, 0, 0, 0, 0, 0, 0, 0, 0, 0, 0, 0, 0, 0, 0, 0, 0, 0, 0, 0, 0, 0]  
    (2, 3, 2, 4)  :       [1, 1, 1, 1, 1, 1, 1, 1, 1, 1, 1, 1, 1, 1, 1, 1, 1, 1, 1, 1, 1, 1]  
    (2, 3, 3, 4)  :       [1.9, 1.9, 1.9, 1.9, 1.9, 1.9, 1.9, 1.9, 1.9, 1.9, 1.9, 1.9, 1.9, 1.9, 1.9, 1.9, 1.9, 1.9, 1.9, 1.9, 1.9, 1.9]  
    (2, 3, 4, 0)  :       [4.68559, 4.68559, 4.68559, 4.68559, 4.68559, 4.68559, 4.68559, 4.68559, 4.68559, 4.68559, 4.68559, 4.68559, 4.68559, 4.68559, 4.68559, 4.68559, 4.68559, 4.68559, 4.68559, 4.68559, 4.68559, 4.68559]  
    (2, 3, 4, 1)  :       [4.0951, 4.0951, 4.0951, 4.0951, 4.0951, 4.0951, 4.0951, 4.0951, 4.0951, 4.0951, 4.0951, 4.0951, 4.0951, 4.0951, 4.0951, 4.0951, 4.0951, 4.0951, 4.0951, 4.0951, 4.0951, 4.0951]  
    (2, 3, 4, 2)  :       [3.439, 3.439, 3.439, 3.439, 3.439, 3.439, 3.439, 3.439, 3.439, 3.439, 3.439, 3.439, 3.439, 3.439, 3.439, 3.439, 3.439, 3.439, 3.439, 3.439, 3.439, 3.439]  
    (2, 3, 4, 3)  :       [2.71, 2.71, 2.71, 2.71, 2.71, 2.71, 2.71, 2.71, 2.71, 2.71, 2.71, 2.71, 2.71, 2.71, 2.71, 2.71, 2.71, 2.71, 2.71, 2.71, 2.71, 2.71]  
    (2, 3, 4, 4)  :       [2.71, 2.71, 2.71, 2.71, 2.71, 2.71, 2.71, 2.71, 2.71, 2.71, 2.71, 2.71, 2.71, 2.71, 2.71, 2.71, 2.71, 2.71, 2.71, 2.71, 2.71, 2.71]  
    (2, 4, 0, 0)  :       [4.68559, 4.68559, 4.68559, 4.68559, 4.68559, 4.68559, 4.68559, 4.68559, 4.68559, 4.68559, 4.68559, 4.68559, 4.68559, 4.68559, 4.68559, 4.68559, 4.68559, 4.68559, 4.68559, 4.68559, 4.68559, 4.68559]  
    (2, 4, 0, 1)  :       [4.0951, 4.0951, 4.0951, 4.0951, 4.0951, 4.0951, 4.0951, 4.0951, 4.0951, 4.0951, 4.0951, 4.0951, 4.0951, 4.0951, 4.0951, 4.0951, 4.0951, 4.0951, 4.0951, 4.0951, 4.0951, 4.0951]  
    (2, 4, 0, 2)  :       [3.439, 3.439, 3.439, 3.439, 3.439, 3.439, 3.439, 3.439, 3.439, 3.439, 3.439, 3.439, 3.439, 3.439, 3.439, 3.439, 3.439, 3.439, 3.439, 3.439, 3.439, 3.439]  
    (2, 4, 0, 3)  :       [2.71, 2.71, 2.71, 2.71, 2.71, 2.71, 2.71, 2.71, 2.71, 2.71, 2.71, 2.71, 2.71, 2.71, 2.71, 2.71, 2.71, 2.71, 2.71, 2.71, 2.71, 2.71]  
    (2, 4, 0, 4)  :       [1.9, 1.9, 1.9, 1.9, 1.9, 1.9, 1.9, 1.9, 1.9, 1.9, 1.9, 1.9, 1.9, 1.9, 1.9, 1.9, 1.9, 1.9, 1.9, 1.9, 1.9, 1.9]  
    (2, 4, 1, 0)  :       [4.0951, 4.0951, 4.0951, 4.0951, 4.0951, 4.0951, 4.0951, 4.0951, 4.0951, 4.0951, 4.0951, 4.0951, 4.0951, 4.0951, 4.0951, 4.0951, 4.0951, 4.0951, 4.0951, 4.0951, 4.0951, 4.0951]  
    (2, 4, 1, 1)  :       [3.439, 3.439, 3.439, 3.439, 3.439, 3.439, 3.439, 3.439, 3.439, 3.439, 3.439, 3.439, 3.439, 3.439, 3.439, 3.439, 3.439, 3.439, 3.439, 3.439, 3.439, 3.439]  
    (2, 4, 1, 2)  :       [2.71, 2.71, 2.71, 2.71, 2.71, 2.71, 2.71, 2.71, 2.71, 2.71, 2.71, 2.71, 2.71, 2.71, 2.71, 2.71, 2.71, 2.71, 2.71, 2.71, 2.71, 2.71]  
    (2, 4, 1, 3)  :       [1.9, 1.9, 1.9, 1.9, 1.9, 1.9, 1.9, 1.9, 1.9, 1.9, 1.9, 1.9, 1.9, 1.9, 1.9, 1.9, 1.9, 1.9, 1.9, 1.9, 1.9, 1.9]  
    (2, 4, 1, 4)  :       [1, 1, 1, 1, 1, 1, 1, 1, 1, 1, 1, 1, 1, 1, 1, 1, 1, 1, 1, 1, 1, 1]  
    (2, 4, 2, 0)  :       [3.439, 3.439, 3.439, 3.439, 3.439, 3.439, 3.439, 3.439, 3.439, 3.439, 3.439, 3.439, 3.439, 3.439, 3.439, 3.439, 3.439, 3.439, 3.439, 3.439, 3.439, 3.439]  
    (2, 4, 2, 1)  :       [2.71, 2.71, 2.71, 2.71, 2.71, 2.71, 2.71, 2.71, 2.71, 2.71, 2.71, 2.71, 2.71, 2.71, 2.71, 2.71, 2.71, 2.71, 2.71, 2.71, 2.71, 2.71]  
    (2, 4, 2, 2)  :       [1.9, 1.9, 1.9, 1.9, 1.9, 1.9, 1.9, 1.9, 1.9, 1.9, 1.9, 1.9, 1.9, 1.9, 1.9, 1.9, 1.9, 1.9, 1.9, 1.9, 1.9, 1.9]  
    (2, 4, 2, 3)  :       [1, 1, 1, 1, 1, 1, 1, 1, 1, 1, 1, 1, 1, 1, 1, 1, 1, 1, 1, 1, 1, 1]  
    (2, 4, 2, 4)  :       [0, 0, 0, 0, 0, 0, 0, 0, 0, 0, 0, 0, 0, 0, 0, 0, 0, 0, 0, 0, 0, 0]  
    (2, 4, 3, 4)  :       [1, 1, 1, 1, 1, 1, 1, 1, 1, 1, 1, 1, 1, 1, 1, 1, 1, 1, 1, 1, 1, 1]  
    (2, 4, 4, 0)  :       [4.68559, 4.68559, 4.68559, 4.68559, 4.68559, 4.68559, 4.68559, 4.68559, 4.68559, 4.68559, 4.68559, 4.68559, 4.68559, 4.68559, 4.68559, 4.68559, 4.68559, 4.68559, 4.68559, 4.68559, 4.68559, 4.68559]  
    (2, 4, 4, 1)  :       [4.0951, 4.0951, 4.0951, 4.0951, 4.0951, 4.0951, 4.0951, 4.0951, 4.0951, 4.0951, 4.0951, 4.0951, 4.0951, 4.0951, 4.0951, 4.0951, 4.0951, 4.0951, 4.0951, 4.0951, 4.0951, 4.0951]  
    (2, 4, 4, 2)  :       [3.439, 3.439, 3.439, 3.439, 3.439, 3.439, 3.439, 3.439, 3.439, 3.439, 3.439, 3.439, 3.439, 3.439, 3.439, 3.439, 3.439, 3.439, 3.439, 3.439, 3.439, 3.439]  
    (2, 4, 4, 3)  :       [2.71, 2.71, 2.71, 2.71, 2.71, 2.71, 2.71, 2.71, 2.71, 2.71, 2.71, 2.71, 2.71, 2.71, 2.71, 2.71, 2.71, 2.71, 2.71, 2.71, 2.71, 2.71]  
    (2, 4, 4, 4)  :       [1.9, 1.9, 1.9, 1.9, 1.9, 1.9, 1.9, 1.9, 1.9, 1.9, 1.9, 1.9, 1.9, 1.9, 1.9, 1.9, 1.9, 1.9, 1.9, 1.9, 1.9, 1.9]  
    (3, 4, 0, 0)  :       [5.217031, 5.217031, 5.217031, 5.217031, 5.217031, 5.217031, 5.217031, 5.217031, 5.217031, 5.217031, 5.217031, 5.217031, 5.217031, 5.217031, 5.217031, 5.217031, 5.217031, 5.217031, 5.217031, 5.217031, 5.217031, 5.217031]  
    (3, 4, 0, 1)  :       [4.68559, 4.68559, 4.68559, 4.68559, 4.68559, 4.68559, 4.68559, 4.68559, 4.68559, 4.68559, 4.68559, 4.68559, 4.68559, 4.68559, 4.68559, 4.68559, 4.68559, 4.68559, 4.68559, 4.68559, 4.68559, 4.68559]  
    (3, 4, 0, 2)  :       [4.0951, 4.0951, 4.0951, 4.0951, 4.0951, 4.0951, 4.0951, 4.0951, 4.0951, 4.0951, 4.0951, 4.0951, 4.0951, 4.0951, 4.0951, 4.0951, 4.0951, 4.0951, 4.0951, 4.0951, 4.0951, 4.0951]  
    (3, 4, 0, 3)  :       [3.439, 3.439, 3.439, 3.439, 3.439, 3.439, 3.439, 3.439, 3.439, 3.439, 3.439, 3.439, 3.439, 3.439, 3.439, 3.439, 3.439, 3.439, 3.439, 3.439, 3.439, 3.439]  
    (3, 4, 0, 4)  :       [2.71, 2.71, 2.71, 2.71, 2.71, 2.71, 2.71, 2.71, 2.71, 2.71, 2.71, 2.71, 2.71, 2.71, 2.71, 2.71, 2.71, 2.71, 2.71, 2.71, 2.71, 2.71]  
    (3, 4, 1, 0)  :       [5.217031, 5.217031, 5.217031, 5.217031, 5.217031, 5.217031, 5.217031, 5.217031, 5.217031, 5.217031, 5.217031, 5.217031, 5.217031, 5.217031, 5.217031, 5.217031, 5.217031, 5.217031, 5.217031, 5.217031, 5.217031, 5.217031]  
    (3, 4, 1, 1)  :       [4.68559, 4.68559, 4.68559, 4.68559, 4.68559, 4.68559, 4.68559, 4.68559, 4.68559, 4.68559, 4.68559, 4.68559, 4.68559, 4.68559, 4.68559, 4.68559, 4.68559, 4.68559, 4.68559, 4.68559, 4.68559, 4.68559]  
    (3, 4, 1, 2)  :       [4.0951, 4.0951, 4.0951, 4.0951, 4.0951, 4.0951, 4.0951, 4.0951, 4.0951, 4.0951, 4.0951, 4.0951, 4.0951, 4.0951, 4.0951, 4.0951, 4.0951, 4.0951, 4.0951, 4.0951, 4.0951, 4.0951]  
    (3, 4, 1, 3)  :       [3.439, 3.439, 3.439, 3.439, 3.439, 3.439, 3.439, 3.439, 3.439, 3.439, 3.439, 3.439, 3.439, 3.439, 3.439, 3.439, 3.439, 3.439, 3.439, 3.439, 3.439, 3.439]  
    (3, 4, 1, 4)  :       [2.71, 2.71, 2.71, 2.71, 2.71, 2.71, 2.71, 2.71, 2.71, 2.71, 2.71, 2.71, 2.71, 2.71, 2.71, 2.71, 2.71, 2.71, 2.71, 2.71, 2.71, 2.71]  
    (3, 4, 2, 0)  :       [4.0951, 4.0951, 4.0951, 4.0951, 4.0951, 4.0951, 4.0951, 4.0951, 4.0951, 4.0951, 4.0951, 4.0951, 4.0951, 4.0951, 4.0951, 4.0951, 4.0951, 4.0951, 4.0951, 4.0951, 4.0951, 4.0951]  
    (3, 4, 2, 1)  :       [3.439, 3.439, 3.439, 3.439, 3.439, 3.439, 3.439, 3.439, 3.439, 3.439, 3.439, 3.439, 3.439, 3.439, 3.439, 3.439, 3.439, 3.439, 3.439, 3.439, 3.439, 3.439]  
    (3, 4, 2, 2)  :       [2.71, 2.71, 2.71, 2.71, 2.71, 2.71, 2.71, 2.71, 2.71, 2.71, 2.71, 2.71, 2.71, 2.71, 2.71, 2.71, 2.71, 2.71, 2.71, 2.71, 2.71, 2.71]  
    (3, 4, 2, 3)  :       [1.9, 1.9, 1.9, 1.9, 1.9, 1.9, 1.9, 1.9, 1.9, 1.9, 1.9, 1.9, 1.9, 1.9, 1.9, 1.9, 1.9, 1.9, 1.9, 1.9, 1.9, 1.9]  
    (3, 4, 2, 4)  :       [1, 1, 1, 1, 1, 1, 1, 1, 1, 1, 1, 1, 1, 1, 1, 1, 1, 1, 1, 1, 1, 1]  
    (3, 4, 3, 4)  :       [0, 0, 0, 0, 0, 0, 0, 0, 0, 0, 0, 0, 0, 0, 0, 0, 0, 0, 0, 0, 0, 0]  
    (3, 4, 4, 0)  :       [4.0951, 4.0951, 4.0951, 4.0951, 4.0951, 4.0951, 4.0951, 4.0951, 4.0951, 4.0951, 4.0951, 4.0951, 4.0951, 4.0951, 4.0951, 4.0951, 4.0951, 4.0951, 4.0951, 4.0951, 4.0951, 4.0951]  
    (3, 4, 4, 1)  :       [3.439, 3.439, 3.439, 3.439, 3.439, 3.439, 3.439, 3.439, 3.439, 3.439, 3.439, 3.439, 3.439, 3.439, 3.439, 3.439, 3.439, 3.439, 3.439, 3.439, 3.439, 3.439]  
    (3, 4, 4, 2)  :       [2.71, 2.71, 2.71, 2.71, 2.71, 2.71, 2.71, 2.71, 2.71, 2.71, 2.71, 2.71, 2.71, 2.71, 2.71, 2.71, 2.71, 2.71, 2.71, 2.71, 2.71, 2.71]  
    (3, 4, 4, 3)  :       [1.9, 1.9, 1.9, 1.9, 1.9, 1.9, 1.9, 1.9, 1.9, 1.9, 1.9, 1.9, 1.9, 1.9, 1.9, 1.9, 1.9, 1.9, 1.9, 1.9, 1.9, 1.9]  
    (3, 4, 4, 4)  :       [1, 1, 1, 1, 1, 1, 1, 1, 1, 1, 1, 1, 1, 1, 1, 1, 1, 1, 1, 1, 1, 1]  
    (4, 0, 0, 0)  :       [5.6953279000000006, 5.6953279000000006, 5.6953279000000006, 5.6953279000000006, 5.6953279000000006, 5.6953279000000006, 5.6953279000000006, 5.6953279000000006, 5.6953279000000006, 5.6953279000000006, 5.6953279000000006, 5.6953279000000006, 5.6953279000000006, 5.6953279000000006, 5.6953279000000006, 5.6953279000000006, 5.6953279000000006, 5.6953279000000006, 5.6953279000000006, 5.6953279000000006, 5.6953279000000006, 5.6953279000000006]  
    (4, 0, 0, 1)  :       [5.6953279000000006, 5.6953279000000006, 5.6953279000000006, 5.6953279000000006, 5.6953279000000006, 5.6953279000000006, 5.6953279000000006, 5.6953279000000006, 5.6953279000000006, 5.6953279000000006, 5.6953279000000006, 5.6953279000000006, 5.6953279000000006, 5.6953279000000006, 5.6953279000000006, 5.6953279000000006, 5.6953279000000006, 5.6953279000000006, 5.6953279000000006, 5.6953279000000006, 5.6953279000000006, 5.6953279000000006]  
    (4, 0, 0, 2)  :       [5.6953279000000006, 5.6953279000000006, 5.6953279000000006, 5.6953279000000006, 5.6953279000000006, 5.6953279000000006, 5.6953279000000006, 5.6953279000000006, 5.6953279000000006, 5.6953279000000006, 5.6953279000000006, 5.6953279000000006, 5.6953279000000006, 5.6953279000000006, 5.6953279000000006, 5.6953279000000006, 5.6953279000000006, 5.6953279000000006, 5.6953279000000006, 5.6953279000000006, 5.6953279000000006, 5.6953279000000006]  
    (4, 0, 0, 3)  :       [5.6953279000000006, 5.6953279000000006, 5.6953279000000006, 5.6953279000000006, 5.6953279000000006, 5.6953279000000006, 5.6953279000000006, 5.6953279000000006, 5.6953279000000006, 5.6953279000000006, 5.6953279000000006, 5.6953279000000006, 5.6953279000000006, 5.6953279000000006, 5.6953279000000006, 5.6953279000000006, 5.6953279000000006, 5.6953279000000006, 5.6953279000000006, 5.6953279000000006, 5.6953279000000006, 5.6953279000000006]  
    (4, 0, 0, 4)  :       [5.6953279000000006, 5.6953279000000006, 5.6953279000000006, 5.6953279000000006, 5.6953279000000006, 5.6953279000000006, 5.6953279000000006, 5.6953279000000006, 5.6953279000000006, 5.6953279000000006, 5.6953279000000006, 5.6953279000000006, 5.6953279000000006, 5.6953279000000006, 5.6953279000000006, 5.6953279000000006, 5.6953279000000006, 5.6953279000000006, 5.6953279000000006, 5.6953279000000006, 5.6953279000000006, 5.6953279000000006]  
    (4, 0, 1, 0)  :       [5.217031, 5.217031, 5.217031, 5.217031, 5.217031, 5.217031, 5.217031, 5.217031, 5.217031, 5.217031, 5.217031, 5.217031, 5.217031, 5.217031, 5.217031, 5.217031, 5.217031, 5.217031, 5.217031, 5.217031, 5.217031, 5.217031]  
    (4, 0, 1, 1)  :       [5.217031, 5.217031, 5.217031, 5.217031, 5.217031, 5.217031, 5.217031, 5.217031, 5.217031, 5.217031, 5.217031, 5.217031, 5.217031, 5.217031, 5.217031, 5.217031, 5.217031, 5.217031, 5.217031, 5.217031, 5.217031, 5.217031]  
    (4, 0, 1, 2)  :       [5.217031, 5.217031, 5.217031, 5.217031, 5.217031, 5.217031, 5.217031, 5.217031, 5.217031, 5.217031, 5.217031, 5.217031, 5.217031, 5.217031, 5.217031, 5.217031, 5.217031, 5.217031, 5.217031, 5.217031, 5.217031, 5.217031]  
    (4, 0, 1, 3)  :       [5.217031, 5.217031, 5.217031, 5.217031, 5.217031, 5.217031, 5.217031, 5.217031, 5.217031, 5.217031, 5.217031, 5.217031, 5.217031, 5.217031, 5.217031, 5.217031, 5.217031, 5.217031, 5.217031, 5.217031, 5.217031, 5.217031]  
    (4, 0, 1, 4)  :       [5.217031, 5.217031, 5.217031, 5.217031, 5.217031, 5.217031, 5.217031, 5.217031, 5.217031, 5.217031, 5.217031, 5.217031, 5.217031, 5.217031, 5.217031, 5.217031, 5.217031, 5.217031, 5.217031, 5.217031, 5.217031, 5.217031]  
    (4, 0, 2, 0)  :       [4.68559, 4.68559, 4.68559, 4.68559, 4.68559, 4.68559, 4.68559, 4.68559, 4.68559, 4.68559, 4.68559, 4.68559, 4.68559, 4.68559, 4.68559, 4.68559, 4.68559, 4.68559, 4.68559, 4.68559, 4.68559, 4.68559]  
    (4, 0, 2, 1)  :       [4.68559, 4.68559, 4.68559, 4.68559, 4.68559, 4.68559, 4.68559, 4.68559, 4.68559, 4.68559, 4.68559, 4.68559, 4.68559, 4.68559, 4.68559, 4.68559, 4.68559, 4.68559, 4.68559, 4.68559, 4.68559, 4.68559]  
    (4, 0, 2, 2)  :       [4.68559, 4.68559, 4.68559, 4.68559, 4.68559, 4.68559, 4.68559, 4.68559, 4.68559, 4.68559, 4.68559, 4.68559, 4.68559, 4.68559, 4.68559, 4.68559, 4.68559, 4.68559, 4.68559, 4.68559, 4.68559, 4.68559]  
    (4, 0, 2, 3)  :       [4.68559, 4.68559, 4.68559, 4.68559, 4.68559, 4.68559, 4.68559, 4.68559, 4.68559, 4.68559, 4.68559, 4.68559, 4.68559, 4.68559, 4.68559, 4.68559, 4.68559, 4.68559, 4.68559, 4.68559, 4.68559, 4.68559]  
    (4, 0, 2, 4)  :       [4.68559, 4.68559, 4.68559, 4.68559, 4.68559, 4.68559, 4.68559, 4.68559, 4.68559, 4.68559, 4.68559, 4.68559, 4.68559, 4.68559, 4.68559, 4.68559, 4.68559, 4.68559, 4.68559, 4.68559, 4.68559, 4.68559]  
    (4, 0, 3, 4)  :       [4.0951, 4.0951, 4.0951, 4.0951, 4.0951, 4.0951, 4.0951, 4.0951, 4.0951, 4.0951, 4.0951, 4.0951, 4.0951, 4.0951, 4.0951, 4.0951, 4.0951, 4.0951, 4.0951, 4.0951, 4.0951, 4.0951]  
    (4, 0, 4, 0)  :       [0, 0, 0, 0, 0, 0, 0, 0, 0, 0, 0, 0, 0, 0, 0, 0, 0, 0, 0, 0, 0, 0]  
    (4, 0, 4, 1)  :       [1, 1, 1, 1, 1, 1, 1, 1, 1, 1, 1, 1, 1, 1, 1, 1, 1, 1, 1, 1, 1, 1]  
    (4, 0, 4, 2)  :       [1.9, 1.9, 1.9, 1.9, 1.9, 1.9, 1.9, 1.9, 1.9, 1.9, 1.9, 1.9, 1.9, 1.9, 1.9, 1.9, 1.9, 1.9, 1.9, 1.9, 1.9, 1.9]  
    (4, 0, 4, 3)  :       [2.71, 2.71, 2.71, 2.71, 2.71, 2.71, 2.71, 2.71, 2.71, 2.71, 2.71, 2.71, 2.71, 2.71, 2.71, 2.71, 2.71, 2.71, 2.71, 2.71, 2.71, 2.71]  
    (4, 0, 4, 4)  :       [3.439, 3.439, 3.439, 3.439, 3.439, 3.439, 3.439, 3.439, 3.439, 3.439, 3.439, 3.439, 3.439, 3.439, 3.439, 3.439, 3.439, 3.439, 3.439, 3.439, 3.439, 3.439]  
    (4, 1, 0, 0)  :       [5.6953279000000006, 5.6953279000000006, 5.6953279000000006, 5.6953279000000006, 5.6953279000000006, 5.6953279000000006, 5.6953279000000006, 5.6953279000000006, 5.6953279000000006, 5.6953279000000006, 5.6953279000000006, 5.6953279000000006, 5.6953279000000006, 5.6953279000000006, 5.6953279000000006, 5.6953279000000006, 5.6953279000000006, 5.6953279000000006, 5.6953279000000006, 5.6953279000000006, 5.6953279000000006, 5.6953279000000006]  
    (4, 1, 0, 1)  :       [5.217031, 5.217031, 5.217031, 5.217031, 5.217031, 5.217031, 5.217031, 5.217031, 5.217031, 5.217031, 5.217031, 5.217031, 5.217031, 5.217031, 5.217031, 5.217031, 5.217031, 5.217031, 5.217031, 5.217031, 5.217031, 5.217031]  
    (4, 1, 0, 2)  :       [5.217031, 5.217031, 5.217031, 5.217031, 5.217031, 5.217031, 5.217031, 5.217031, 5.217031, 5.217031, 5.217031, 5.217031, 5.217031, 5.217031, 5.217031, 5.217031, 5.217031, 5.217031, 5.217031, 5.217031, 5.217031, 5.217031]  
    (4, 1, 0, 3)  :       [5.217031, 5.217031, 5.217031, 5.217031, 5.217031, 5.217031, 5.217031, 5.217031, 5.217031, 5.217031, 5.217031, 5.217031, 5.217031, 5.217031, 5.217031, 5.217031, 5.217031, 5.217031, 5.217031, 5.217031, 5.217031, 5.217031]  
    (4, 1, 0, 4)  :       [5.217031, 5.217031, 5.217031, 5.217031, 5.217031, 5.217031, 5.217031, 5.217031, 5.217031, 5.217031, 5.217031, 5.217031, 5.217031, 5.217031, 5.217031, 5.217031, 5.217031, 5.217031, 5.217031, 5.217031, 5.217031, 5.217031]  
    (4, 1, 1, 0)  :       [5.217031, 5.217031, 5.217031, 5.217031, 5.217031, 5.217031, 5.217031, 5.217031, 5.217031, 5.217031, 5.217031, 5.217031, 5.217031, 5.217031, 5.217031, 5.217031, 5.217031, 5.217031, 5.217031, 5.217031, 5.217031, 5.217031]  
    (4, 1, 1, 1)  :       [4.68559, 4.68559, 4.68559, 4.68559, 4.68559, 4.68559, 4.68559, 4.68559, 4.68559, 4.68559, 4.68559, 4.68559, 4.68559, 4.68559, 4.68559, 4.68559, 4.68559, 4.68559, 4.68559, 4.68559, 4.68559, 4.68559]  
    (4, 1, 1, 2)  :       [4.68559, 4.68559, 4.68559, 4.68559, 4.68559, 4.68559, 4.68559, 4.68559, 4.68559, 4.68559, 4.68559, 4.68559, 4.68559, 4.68559, 4.68559, 4.68559, 4.68559, 4.68559, 4.68559, 4.68559, 4.68559, 4.68559]  
    (4, 1, 1, 3)  :       [4.68559, 4.68559, 4.68559, 4.68559, 4.68559, 4.68559, 4.68559, 4.68559, 4.68559, 4.68559, 4.68559, 4.68559, 4.68559, 4.68559, 4.68559, 4.68559, 4.68559, 4.68559, 4.68559, 4.68559, 4.68559, 4.68559]  
    (4, 1, 1, 4)  :       [4.68559, 4.68559, 4.68559, 4.68559, 4.68559, 4.68559, 4.68559, 4.68559, 4.68559, 4.68559, 4.68559, 4.68559, 4.68559, 4.68559, 4.68559, 4.68559, 4.68559, 4.68559, 4.68559, 4.68559, 4.68559, 4.68559]  
    (4, 1, 2, 0)  :       [4.68559, 4.68559, 4.68559, 4.68559, 4.68559, 4.68559, 4.68559, 4.68559, 4.68559, 4.68559, 4.68559, 4.68559, 4.68559, 4.68559, 4.68559, 4.68559, 4.68559, 4.68559, 4.68559, 4.68559, 4.68559, 4.68559]  
    (4, 1, 2, 1)  :       [4.0951, 4.0951, 4.0951, 4.0951, 4.0951, 4.0951, 4.0951, 4.0951, 4.0951, 4.0951, 4.0951, 4.0951, 4.0951, 4.0951, 4.0951, 4.0951, 4.0951, 4.0951, 4.0951, 4.0951, 4.0951, 4.0951]  
    (4, 1, 2, 2)  :       [4.0951, 4.0951, 4.0951, 4.0951, 4.0951, 4.0951, 4.0951, 4.0951, 4.0951, 4.0951, 4.0951, 4.0951, 4.0951, 4.0951, 4.0951, 4.0951, 4.0951, 4.0951, 4.0951, 4.0951, 4.0951, 4.0951]  
    (4, 1, 2, 3)  :       [4.0951, 4.0951, 4.0951, 4.0951, 4.0951, 4.0951, 4.0951, 4.0951, 4.0951, 4.0951, 4.0951, 4.0951, 4.0951, 4.0951, 4.0951, 4.0951, 4.0951, 4.0951, 4.0951, 4.0951, 4.0951, 4.0951]  
    (4, 1, 2, 4)  :       [4.0951, 4.0951, 4.0951, 4.0951, 4.0951, 4.0951, 4.0951, 4.0951, 4.0951, 4.0951, 4.0951, 4.0951, 4.0951, 4.0951, 4.0951, 4.0951, 4.0951, 4.0951, 4.0951, 4.0951, 4.0951, 4.0951]  
    (4, 1, 3, 4)  :       [3.439, 3.439, 3.439, 3.439, 3.439, 3.439, 3.439, 3.439, 3.439, 3.439, 3.439, 3.439, 3.439, 3.439, 3.439, 3.439, 3.439, 3.439, 3.439, 3.439, 3.439, 3.439]  
    (4, 1, 4, 0)  :       [1, 1, 1, 1, 1, 1, 1, 1, 1, 1, 1, 1, 1, 1, 1, 1, 1, 1, 1, 1, 1, 1]  
    (4, 1, 4, 1)  :       [0, 0, 0, 0, 0, 0, 0, 0, 0, 0, 0, 0, 0, 0, 0, 0, 0, 0, 0, 0, 0, 0]  
    (4, 1, 4, 2)  :       [1, 1, 1, 1, 1, 1, 1, 1, 1, 1, 1, 1, 1, 1, 1, 1, 1, 1, 1, 1, 1, 1]  
    (4, 1, 4, 3)  :       [2.71, 2.71, 2.71, 2.71, 2.71, 2.71, 2.71, 2.71, 2.71, 2.71, 2.71, 2.71, 2.71, 2.71, 2.71, 2.71, 2.71, 2.71, 2.71, 2.71, 2.71, 2.71]  
    (4, 1, 4, 4)  :       [2.71, 2.71, 2.71, 2.71, 2.71, 2.71, 2.71, 2.71, 2.71, 2.71, 2.71, 2.71, 2.71, 2.71, 2.71, 2.71, 2.71, 2.71, 2.71, 2.71, 2.71, 2.71]  
    (4, 2, 0, 0)  :       [5.6953279000000006, 5.6953279000000006, 5.6953279000000006, 5.6953279000000006, 5.6953279000000006, 5.6953279000000006, 5.6953279000000006, 5.6953279000000006, 5.6953279000000006, 5.6953279000000006, 5.6953279000000006, 5.6953279000000006, 5.6953279000000006, 5.6953279000000006, 5.6953279000000006, 5.6953279000000006, 5.6953279000000006, 5.6953279000000006, 5.6953279000000006, 5.6953279000000006, 5.6953279000000006, 5.6953279000000006]  
    (4, 2, 0, 1)  :       [5.217031, 5.217031, 5.217031, 5.217031, 5.217031, 5.217031, 5.217031, 5.217031, 5.217031, 5.217031, 5.217031, 5.217031, 5.217031, 5.217031, 5.217031, 5.217031, 5.217031, 5.217031, 5.217031, 5.217031, 5.217031, 5.217031]  
    (4, 2, 0, 2)  :       [4.68559, 4.68559, 4.68559, 4.68559, 4.68559, 4.68559, 4.68559, 4.68559, 4.68559, 4.68559, 4.68559, 4.68559, 4.68559, 4.68559, 4.68559, 4.68559, 4.68559, 4.68559, 4.68559, 4.68559, 4.68559, 4.68559]  
    (4, 2, 0, 3)  :       [4.68559, 4.68559, 4.68559, 4.68559, 4.68559, 4.68559, 4.68559, 4.68559, 4.68559, 4.68559, 4.68559, 4.68559, 4.68559, 4.68559, 4.68559, 4.68559, 4.68559, 4.68559, 4.68559, 4.68559, 4.68559, 4.68559]  
    (4, 2, 0, 4)  :       [4.68559, 4.68559, 4.68559, 4.68559, 4.68559, 4.68559, 4.68559, 4.68559, 4.68559, 4.68559, 4.68559, 4.68559, 4.68559, 4.68559, 4.68559, 4.68559, 4.68559, 4.68559, 4.68559, 4.68559, 4.68559, 4.68559]  
    (4, 2, 1, 0)  :       [5.217031, 5.217031, 5.217031, 5.217031, 5.217031, 5.217031, 5.217031, 5.217031, 5.217031, 5.217031, 5.217031, 5.217031, 5.217031, 5.217031, 5.217031, 5.217031, 5.217031, 5.217031, 5.217031, 5.217031, 5.217031, 5.217031]  
    (4, 2, 1, 1)  :       [4.68559, 4.68559, 4.68559, 4.68559, 4.68559, 4.68559, 4.68559, 4.68559, 4.68559, 4.68559, 4.68559, 4.68559, 4.68559, 4.68559, 4.68559, 4.68559, 4.68559, 4.68559, 4.68559, 4.68559, 4.68559, 4.68559]  
    (4, 2, 1, 2)  :       [4.0951, 4.0951, 4.0951, 4.0951, 4.0951, 4.0951, 4.0951, 4.0951, 4.0951, 4.0951, 4.0951, 4.0951, 4.0951, 4.0951, 4.0951, 4.0951, 4.0951, 4.0951, 4.0951, 4.0951, 4.0951, 4.0951]  
    (4, 2, 1, 3)  :       [4.0951, 4.0951, 4.0951, 4.0951, 4.0951, 4.0951, 4.0951, 4.0951, 4.0951, 4.0951, 4.0951, 4.0951, 4.0951, 4.0951, 4.0951, 4.0951, 4.0951, 4.0951, 4.0951, 4.0951, 4.0951, 4.0951]  
    (4, 2, 1, 4)  :       [4.0951, 4.0951, 4.0951, 4.0951, 4.0951, 4.0951, 4.0951, 4.0951, 4.0951, 4.0951, 4.0951, 4.0951, 4.0951, 4.0951, 4.0951, 4.0951, 4.0951, 4.0951, 4.0951, 4.0951, 4.0951, 4.0951]  
    (4, 2, 2, 0)  :       [4.68559, 4.68559, 4.68559, 4.68559, 4.68559, 4.68559, 4.68559, 4.68559, 4.68559, 4.68559, 4.68559, 4.68559, 4.68559, 4.68559, 4.68559, 4.68559, 4.68559, 4.68559, 4.68559, 4.68559, 4.68559, 4.68559]  
    (4, 2, 2, 1)  :       [4.0951, 4.0951, 4.0951, 4.0951, 4.0951, 4.0951, 4.0951, 4.0951, 4.0951, 4.0951, 4.0951, 4.0951, 4.0951, 4.0951, 4.0951, 4.0951, 4.0951, 4.0951, 4.0951, 4.0951, 4.0951, 4.0951]  
    (4, 2, 2, 2)  :       [3.439, 3.439, 3.439, 3.439, 3.439, 3.439, 3.439, 3.439, 3.439, 3.439, 3.439, 3.439, 3.439, 3.439, 3.439, 3.439, 3.439, 3.439, 3.439, 3.439, 3.439, 3.439]  
    (4, 2, 2, 3)  :       [3.439, 3.439, 3.439, 3.439, 3.439, 3.439, 3.439, 3.439, 3.439, 3.439, 3.439, 3.439, 3.439, 3.439, 3.439, 3.439, 3.439, 3.439, 3.439, 3.439, 3.439, 3.439]  
    (4, 2, 2, 4)  :       [3.439, 3.439, 3.439, 3.439, 3.439, 3.439, 3.439, 3.439, 3.439, 3.439, 3.439, 3.439, 3.439, 3.439, 3.439, 3.439, 3.439, 3.439, 3.439, 3.439, 3.439, 3.439]  
    (4, 2, 3, 4)  :       [2.71, 2.71, 2.71, 2.71, 2.71, 2.71, 2.71, 2.71, 2.71, 2.71, 2.71, 2.71, 2.71, 2.71, 2.71, 2.71, 2.71, 2.71, 2.71, 2.71, 2.71, 2.71]  
    (4, 2, 4, 0)  :       [1.9, 1.9, 1.9, 1.9, 1.9, 1.9, 1.9, 1.9, 1.9, 1.9, 1.9, 1.9, 1.9, 1.9, 1.9, 1.9, 1.9, 1.9, 1.9, 1.9, 1.9, 1.9]  
    (4, 2, 4, 1)  :       [1, 1, 1, 1, 1, 1, 1, 1, 1, 1, 1, 1, 1, 1, 1, 1, 1, 1, 1, 1, 1, 1]  
    (4, 2, 4, 2)  :       [0, 0, 0, 0, 0, 0, 0, 0, 0, 0, 0, 0, 0, 0, 0, 0, 0, 0, 0, 0, 0, 0]  
    (4, 2, 4, 3)  :       [1, 1, 1, 1, 1, 1, 1, 1, 1, 1, 1, 1, 1, 1, 1, 1, 1, 1, 1, 1, 1, 1]  
    (4, 2, 4, 4)  :       [1.9, 1.9, 1.9, 1.9, 1.9, 1.9, 1.9, 1.9, 1.9, 1.9, 1.9, 1.9, 1.9, 1.9, 1.9, 1.9, 1.9, 1.9, 1.9, 1.9, 1.9, 1.9]  
    (4, 3, 0, 0)  :       [5.6953279000000006, 5.6953279000000006, 5.6953279000000006, 5.6953279000000006, 5.6953279000000006, 5.6953279000000006, 5.6953279000000006, 5.6953279000000006, 5.6953279000000006, 5.6953279000000006, 5.6953279000000006, 5.6953279000000006, 5.6953279000000006, 5.6953279000000006, 5.6953279000000006, 5.6953279000000006, 5.6953279000000006, 5.6953279000000006, 5.6953279000000006, 5.6953279000000006, 5.6953279000000006, 5.6953279000000006]  
    (4, 3, 0, 1)  :       [5.217031, 5.217031, 5.217031, 5.217031, 5.217031, 5.217031, 5.217031, 5.217031, 5.217031, 5.217031, 5.217031, 5.217031, 5.217031, 5.217031, 5.217031, 5.217031, 5.217031, 5.217031, 5.217031, 5.217031, 5.217031, 5.217031]  
    (4, 3, 0, 2)  :       [4.68559, 4.68559, 4.68559, 4.68559, 4.68559, 4.68559, 4.68559, 4.68559, 4.68559, 4.68559, 4.68559, 4.68559, 4.68559, 4.68559, 4.68559, 4.68559, 4.68559, 4.68559, 4.68559, 4.68559, 4.68559, 4.68559]  
    (4, 3, 0, 3)  :       [4.0951, 4.0951, 4.0951, 4.0951, 4.0951, 4.0951, 4.0951, 4.0951, 4.0951, 4.0951, 4.0951, 4.0951, 4.0951, 4.0951, 4.0951, 4.0951, 4.0951, 4.0951, 4.0951, 4.0951, 4.0951, 4.0951]  
    (4, 3, 0, 4)  :       [4.0951, 4.0951, 4.0951, 4.0951, 4.0951, 4.0951, 4.0951, 4.0951, 4.0951, 4.0951, 4.0951, 4.0951, 4.0951, 4.0951, 4.0951, 4.0951, 4.0951, 4.0951, 4.0951, 4.0951, 4.0951, 4.0951]  
    (4, 3, 1, 0)  :       [5.217031, 5.217031, 5.217031, 5.217031, 5.217031, 5.217031, 5.217031, 5.217031, 5.217031, 5.217031, 5.217031, 5.217031, 5.217031, 5.217031, 5.217031, 5.217031, 5.217031, 5.217031, 5.217031, 5.217031, 5.217031, 5.217031]  
    (4, 3, 1, 1)  :       [4.68559, 4.68559, 4.68559, 4.68559, 4.68559, 4.68559, 4.68559, 4.68559, 4.68559, 4.68559, 4.68559, 4.68559, 4.68559, 4.68559, 4.68559, 4.68559, 4.68559, 4.68559, 4.68559, 4.68559, 4.68559, 4.68559]  
    (4, 3, 1, 2)  :       [4.0951, 4.0951, 4.0951, 4.0951, 4.0951, 4.0951, 4.0951, 4.0951, 4.0951, 4.0951, 4.0951, 4.0951, 4.0951, 4.0951, 4.0951, 4.0951, 4.0951, 4.0951, 4.0951, 4.0951, 4.0951, 4.0951]  
    (4, 3, 1, 3)  :       [3.439, 3.439, 3.439, 3.439, 3.439, 3.439, 3.439, 3.439, 3.439, 3.439, 3.439, 3.439, 3.439, 3.439, 3.439, 3.439, 3.439, 3.439, 3.439, 3.439, 3.439, 3.439]  
    (4, 3, 1, 4)  :       [3.439, 3.439, 3.439, 3.439, 3.439, 3.439, 3.439, 3.439, 3.439, 3.439, 3.439, 3.439, 3.439, 3.439, 3.439, 3.439, 3.439, 3.439, 3.439, 3.439, 3.439, 3.439]  
    (4, 3, 2, 0)  :       [4.68559, 4.68559, 4.68559, 4.68559, 4.68559, 4.68559, 4.68559, 4.68559, 4.68559, 4.68559, 4.68559, 4.68559, 4.68559, 4.68559, 4.68559, 4.68559, 4.68559, 4.68559, 4.68559, 4.68559, 4.68559, 4.68559]  
    (4, 3, 2, 1)  :       [4.0951, 4.0951, 4.0951, 4.0951, 4.0951, 4.0951, 4.0951, 4.0951, 4.0951, 4.0951, 4.0951, 4.0951, 4.0951, 4.0951, 4.0951, 4.0951, 4.0951, 4.0951, 4.0951, 4.0951, 4.0951, 4.0951]  
    (4, 3, 2, 2)  :       [3.439, 3.439, 3.439, 3.439, 3.439, 3.439, 3.439, 3.439, 3.439, 3.439, 3.439, 3.439, 3.439, 3.439, 3.439, 3.439, 3.439, 3.439, 3.439, 3.439, 3.439, 3.439]  
    (4, 3, 2, 3)  :       [2.71, 2.71, 2.71, 2.71, 2.71, 2.71, 2.71, 2.71, 2.71, 2.71, 2.71, 2.71, 2.71, 2.71, 2.71, 2.71, 2.71, 2.71, 2.71, 2.71, 2.71, 2.71]  
    (4, 3, 2, 4)  :       [2.71, 2.71, 2.71, 2.71, 2.71, 2.71, 2.71, 2.71, 2.71, 2.71, 2.71, 2.71, 2.71, 2.71, 2.71, 2.71, 2.71, 2.71, 2.71, 2.71, 2.71, 2.71]  
    (4, 3, 3, 4)  :       [1.9, 1.9, 1.9, 1.9, 1.9, 1.9, 1.9, 1.9, 1.9, 1.9, 1.9, 1.9, 1.9, 1.9, 1.9, 1.9, 1.9, 1.9, 1.9, 1.9, 1.9, 1.9]  
    (4, 3, 4, 0)  :       [2.71, 2.71, 2.71, 2.71, 2.71, 2.71, 2.71, 2.71, 2.71, 2.71, 2.71, 2.71, 2.71, 2.71, 2.71, 2.71, 2.71, 2.71, 2.71, 2.71, 2.71, 2.71]  
    (4, 3, 4, 1)  :       [2.71, 2.71, 2.71, 2.71, 2.71, 2.71, 2.71, 2.71, 2.71, 2.71, 2.71, 2.71, 2.71, 2.71, 2.71, 2.71, 2.71, 2.71, 2.71, 2.71, 2.71, 2.71]  
    (4, 3, 4, 2)  :       [1, 1, 1, 1, 1, 1, 1, 1, 1, 1, 1, 1, 1, 1, 1, 1, 1, 1, 1, 1, 1, 1]  
    (4, 3, 4, 3)  :       [0, 0, 0, 0, 0, 0, 0, 0, 0, 0, 0, 0, 0, 0, 0, 0, 0, 0, 0, 0, 0, 0]  
    (4, 3, 4, 4)  :       [1, 1, 1, 1, 1, 1, 1, 1, 1, 1, 1, 1, 1, 1, 1, 1, 1, 1, 1, 1, 1, 1]  
    (4, 4, 0, 0)  :       [5.6953279000000006, 5.6953279000000006, 5.6953279000000006, 5.6953279000000006, 5.6953279000000006, 5.6953279000000006, 5.6953279000000006, 5.6953279000000006, 5.6953279000000006, 5.6953279000000006, 5.6953279000000006, 5.6953279000000006, 5.6953279000000006, 5.6953279000000006, 5.6953279000000006, 5.6953279000000006, 5.6953279000000006, 5.6953279000000006, 5.6953279000000006, 5.6953279000000006, 5.6953279000000006, 5.6953279000000006]  
    (4, 4, 0, 1)  :       [5.217031, 5.217031, 5.217031, 5.217031, 5.217031, 5.217031, 5.217031, 5.217031, 5.217031, 5.217031, 5.217031, 5.217031, 5.217031, 5.217031, 5.217031, 5.217031, 5.217031, 5.217031, 5.217031, 5.217031, 5.217031, 5.217031]  
    (4, 4, 0, 2)  :       [4.68559, 4.68559, 4.68559, 4.68559, 4.68559, 4.68559, 4.68559, 4.68559, 4.68559, 4.68559, 4.68559, 4.68559, 4.68559, 4.68559, 4.68559, 4.68559, 4.68559, 4.68559, 4.68559, 4.68559, 4.68559, 4.68559]  
    (4, 4, 0, 3)  :       [4.0951, 4.0951, 4.0951, 4.0951, 4.0951, 4.0951, 4.0951, 4.0951, 4.0951, 4.0951, 4.0951, 4.0951, 4.0951, 4.0951, 4.0951, 4.0951, 4.0951, 4.0951, 4.0951, 4.0951, 4.0951, 4.0951]  
    (4, 4, 0, 4)  :       [3.439, 3.439, 3.439, 3.439, 3.439, 3.439, 3.439, 3.439, 3.439, 3.439, 3.439, 3.439, 3.439, 3.439, 3.439, 3.439, 3.439, 3.439, 3.439, 3.439, 3.439, 3.439]  
    (4, 4, 1, 0)  :       [5.217031, 5.217031, 5.217031, 5.217031, 5.217031, 5.217031, 5.217031, 5.217031, 5.217031, 5.217031, 5.217031, 5.217031, 5.217031, 5.217031, 5.217031, 5.217031, 5.217031, 5.217031, 5.217031, 5.217031, 5.217031, 5.217031]  
    (4, 4, 1, 1)  :       [4.68559, 4.68559, 4.68559, 4.68559, 4.68559, 4.68559, 4.68559, 4.68559, 4.68559, 4.68559, 4.68559, 4.68559, 4.68559, 4.68559, 4.68559, 4.68559, 4.68559, 4.68559, 4.68559, 4.68559, 4.68559, 4.68559]  
    (4, 4, 1, 2)  :       [4.0951, 4.0951, 4.0951, 4.0951, 4.0951, 4.0951, 4.0951, 4.0951, 4.0951, 4.0951, 4.0951, 4.0951, 4.0951, 4.0951, 4.0951, 4.0951, 4.0951, 4.0951, 4.0951, 4.0951, 4.0951, 4.0951]  
    (4, 4, 1, 3)  :       [3.439, 3.439, 3.439, 3.439, 3.439, 3.439, 3.439, 3.439, 3.439, 3.439, 3.439, 3.439, 3.439, 3.439, 3.439, 3.439, 3.439, 3.439, 3.439, 3.439, 3.439, 3.439]  
    (4, 4, 1, 4)  :       [2.71, 2.71, 2.71, 2.71, 2.71, 2.71, 2.71, 2.71, 2.71, 2.71, 2.71, 2.71, 2.71, 2.71, 2.71, 2.71, 2.71, 2.71, 2.71, 2.71, 2.71, 2.71]  
    (4, 4, 2, 0)  :       [4.68559, 4.68559, 4.68559, 4.68559, 4.68559, 4.68559, 4.68559, 4.68559, 4.68559, 4.68559, 4.68559, 4.68559, 4.68559, 4.68559, 4.68559, 4.68559, 4.68559, 4.68559, 4.68559, 4.68559, 4.68559, 4.68559]  
    (4, 4, 2, 1)  :       [4.0951, 4.0951, 4.0951, 4.0951, 4.0951, 4.0951, 4.0951, 4.0951, 4.0951, 4.0951, 4.0951, 4.0951, 4.0951, 4.0951, 4.0951, 4.0951, 4.0951, 4.0951, 4.0951, 4.0951, 4.0951, 4.0951]  
    (4, 4, 2, 2)  :       [3.439, 3.439, 3.439, 3.439, 3.439, 3.439, 3.439, 3.439, 3.439, 3.439, 3.439, 3.439, 3.439, 3.439, 3.439, 3.439, 3.439, 3.439, 3.439, 3.439, 3.439, 3.439]  
    (4, 4, 2, 3)  :       [2.71, 2.71, 2.71, 2.71, 2.71, 2.71, 2.71, 2.71, 2.71, 2.71, 2.71, 2.71, 2.71, 2.71, 2.71, 2.71, 2.71, 2.71, 2.71, 2.71, 2.71, 2.71]  
    (4, 4, 2, 4)  :       [1.9, 1.9, 1.9, 1.9, 1.9, 1.9, 1.9, 1.9, 1.9, 1.9, 1.9, 1.9, 1.9, 1.9, 1.9, 1.9, 1.9, 1.9, 1.9, 1.9, 1.9, 1.9]  
    (4, 4, 3, 4)  :       [1, 1, 1, 1, 1, 1, 1, 1, 1, 1, 1, 1, 1, 1, 1, 1, 1, 1, 1, 1, 1, 1]  
    (4, 4, 4, 0)  :       [3.439, 3.439, 3.439, 3.439, 3.439, 3.439, 3.439, 3.439, 3.439, 3.439, 3.439, 3.439, 3.439, 3.439, 3.439, 3.439, 3.439, 3.439, 3.439, 3.439, 3.439, 3.439]  
    (4, 4, 4, 1)  :       [2.71, 2.71, 2.71, 2.71, 2.71, 2.71, 2.71, 2.71, 2.71, 2.71, 2.71, 2.71, 2.71, 2.71, 2.71, 2.71, 2.71, 2.71, 2.71, 2.71, 2.71, 2.71]  
    (4, 4, 4, 2)  :       [1.9, 1.9, 1.9, 1.9, 1.9, 1.9, 1.9, 1.9, 1.9, 1.9, 1.9, 1.9, 1.9, 1.9, 1.9, 1.9, 1.9, 1.9, 1.9, 1.9, 1.9, 1.9]  
    (4, 4, 4, 3)  :       [1, 1, 1, 1, 1, 1, 1, 1, 1, 1, 1, 1, 1, 1, 1, 1, 1, 1, 1, 1, 1, 1]  
    (4, 4, 4, 4)  :       [0, 0, 0, 0, 0, 0, 0, 0, 0, 0, 0, 0, 0, 0, 0, 0, 0, 0, 0, 0, 0, 0]  
